id,k,ModelConstraintSize,FormulaConstraintSize,TranslationSize,FullSeparation,Result,Generation,Solving
f2,1,2050,4683,777,35,sat,0.5849496780000001,0.029197939000000006
f2,2,3565,8016,1600,47,sat,0.980130655,0.07221519599999993
f2,3,5080,12261,2715,59,sat,1.4439949570000001,0.475519759
f2,4,6595,17418,4122,71,sat,2.0094308219999997,0.30510077600000063
f2,5,8110,23487,5821,83,sat,2.66691299,1.1365451699999998
f2,6,9625,30468,7812,95,sat,3.4148841979999993,2.7432483859999994
f2,7,11140,38361,10095,107,sat,4.220005585999999,7.049480584000001
f2,8,12655,47166,12670,119,sat,5.189102462000005,11.343322537000006
f2,9,14170,56883,15537,131,sat,6.059708960999998,12.864078522
f2,10,15685,67512,18696,143,sat,7.119749814000002,34.677186430999996
f2,11,17200,79053,22147,155,sat,8.333935502000003,29.192517401000018
f2,12,18715,91506,25890,167,sat,9.490944990999992,130.15233367300002
f2,13,20230,104871,29925,179,sat,10.771167328000047,1202.541147252
f2,14,21745,119148,34252,191,sat,12.191131744999893,3038.9688052099996
f2,15,23260,134337,38871,203,sat,13.802428483000767,11599.965825819
