id,k,ModelConstraintSize,FormulaConstraintSize,TranslationSize,FullSeparation,Result,Generation,Solving
f0,1,2050,465,84,8,sat,0.25040896,0.006228428000000008
f0,2,3565,950,185,12,sat,0.36512862700000004,0.008572474999999913
f0,3,5080,1595,322,16,sat,0.541464797,0.013478176000000008
f0,4,6595,2400,495,20,sat,0.730117855,0.014493246000000015
f0,5,8110,3365,704,24,sat,0.955119195,0.01886139900000039
f0,6,9625,4490,949,28,sat,1.149078275,0.03353998399999991
f0,7,11140,5775,1230,32,sat,1.3678619780000005,0.09157203999999997
f0,8,12655,7220,1547,36,sat,1.62827872,0.11528166999999989
f0,9,14170,8825,1900,40,sat,1.8821102759999997,0.4672726950000001
f0,10,15685,10590,2289,44,sat,2.1573584720000003,0.4855417769999999
f0,11,17200,12515,2714,48,sat,2.438286282,4.811771255999998
f0,12,18715,14600,3175,52,sat,2.8180881840000005,72.688296102
f0,13,20230,16845,3672,56,sat,3.115869234999991,826.849560314
f0,14,21745,19250,4205,60,sat,3.3994750090000707,433.8651970530001
f0,15,23260,21815,4774,64,sat,3.7380702460000066,907.5307053650001
f0,16,24775,24540,5379,68,sat,4.113236338999741,2853.3889769449997
f0,17,26290,27425,6020,72,sat,4.610705928999778,0.7987183849991197
