id,k,ModelConstraintSize,FormulaConstraintSize,TranslationSize,FullSeparation,Result,Generation,Solving
f3,1,2014,6054,1147,42,sat,0.7056941750000001,0.055952322
f3,2,3511,11541,2503,58,sat,1.286497665,0.25601326300000027
f3,3,5008,18796,4387,74,sat,2.0372209049999994,0.7748424749999998
f3,4,6505,27819,6799,90,sat,2.940104656,1.5548327979999996
f3,5,8002,38610,9739,106,sat,4.000880149,2.628775918999999
f3,6,9499,51169,13207,122,sat,5.239920342000001,5.423404607000002
f3,7,10996,65496,17203,138,sat,6.700680444,10.069969176
f3,8,12493,81591,21727,154,sat,8.382694178999998,17.432091967000005
f3,9,13990,99454,26779,170,sat,9.926432342000012,20.065009027000002
f3,10,15487,119085,32359,186,sat,11.786551887000002,69.06855109100002
f3,11,16984,140484,38467,202,sat,13.874377457000008,113.27551063799999
f3,12,18481,163651,45103,218,sat,16.01465524500003,267.518428797
f3,13,19978,188586,52267,234,sat,18.479743828000096,4907.625822058
f3,14,21475,215289,59959,250,sat,21.117358895000507,1405.236955759
f3,15,22972,243760,68179,266,sat,23.815486249999594,10535.708288124
