k,ModelConstraintSize,Result,Generation,Solving
1,1429,sat,0.23344819500000002,0.005260474999999987
2,2630,sat,0.278425176,0.005698442000000026
3,3831,sat,0.407278284,0.006889879000000043
4,5032,sat,0.5233217970000001,0.006967109999999721
5,6233,sat,0.6421656530000002,0.007575286999999875
6,7434,sat,0.7648796930000001,0.008463444000000209
7,8635,sat,0.8873383320000001,0.009007878999999441
8,9836,sat,1.0064938020000005,0.00986638899999992
9,11037,sat,1.131667694,0.010709283999999819
10,12238,sat,1.2928587550000001,0.011157233999998795
11,13439,sat,1.378654311,0.011733921999999453
12,14640,sat,1.4950627680000004,0.013389593999999505
13,15841,sat,1.6174949230000006,0.014136470999998707
14,17042,sat,1.743092042999999,0.014326495000002382
15,18243,sat,1.875091385000001,0.014644169000000318
16,19444,sat,1.9893548989999985,0.016743391999998636
17,20645,sat,2.1129559240000013,0.016597548000000018
18,21846,sat,2.2369987400000007,0.01768561100000099
19,23047,sat,2.3556993740000003,0.01847497800000042
20,24248,sat,2.5025120550000004,0.01942667600000192
21,25449,sat,2.6090463890000066,0.020214451000001077
22,26650,sat,2.8497469879999997,0.023392813000000956
23,27851,sat,3.109276713,0.021238069999995446
24,29052,sat,3.069600555000001,0.025534737000000973
25,30253,sat,3.146188308999996,0.026575829000002216
26,31454,sat,3.3322733139999983,0.027669467999999142
27,32655,sat,3.542491946999995,0.028930685999995376
28,33856,sat,3.6594312260000024,0.04698089999999411
29,35057,sat,3.869044094000003,0.029608968999994545
30,36258,sat,4.318541021999991,0.040844703000004756
31,37459,sat,4.3774343329999965,0.030090719000000377
32,38660,sat,4.589957599000002,0.03273959500000956
33,39861,sat,4.682010269999992,0.0596327199999962
34,41062,sat,4.636618665,0.03452366299998744
35,42263,sat,4.926574113000001,0.042703771999995865
36,43464,sat,4.96406493100001,0.04688951100000338
37,44665,sat,5.047988834999998,0.037945211999996786
38,45866,sat,5.199970359000005,0.038395746999995595
39,47067,sat,4.8096111920000055,0.039622965000006616
40,48268,sat,4.951376730999982,0.04030688000000282
41,49469,sat,5.083377229999996,0.04264396199999965
42,50670,sat,5.183886415000018,0.04328837599999247
43,51871,sat,5.327715987999994,0.044800162000001365
44,53072,sat,5.4329353900000115,0.045768433000006326
45,54273,sat,5.563721111999996,0.04672704300000419
46,55474,sat,5.676677600999994,0.047702094000015904
47,56675,sat,5.7973437330000195,0.05058305700001142
48,57876,sat,5.9456716450000044,0.05249217200000089
49,59077,sat,6.052833432999989,0.05357740799999533
50,60278,sat,6.185892951999989,0.05449033100001088
51,61479,sat,6.3344446180000205,0.056123495999997886
52,62680,sat,6.441699403000001,0.05679172999998627
53,63881,sat,6.572132304000007,0.05812227999999209
54,65082,sat,6.65796633299999,0.060363926999997375
55,66283,sat,6.782169762999985,0.06248346499998547
56,67484,sat,6.895861416999992,0.06377193999998099
57,68685,sat,7.047323991999974,0.0645070700000474
58,69886,sat,7.146367006000048,0.06617669799999248
59,71087,sat,7.273492207999993,0.07098027499995396
60,72288,sat,7.423315518999971,0.08142772299999024
61,73489,sat,7.517815373000019,0.0726763339999934
62,74690,sat,7.6626929960000325,0.07731889799998726
63,75891,sat,7.761687628999994,0.07746779499996137
64,77092,sat,7.910874067999998,0.08104691099998718
65,78293,sat,8.045464969000022,0.08169119199999386
66,79494,sat,8.152109854999992,0.0809740199999851
67,80695,sat,8.282357741999988,0.08477100800001836
68,81896,sat,8.425034326999992,0.084110083999974
69,83097,sat,8.521003166000014,0.08630223300002626
70,84298,sat,8.63761752900001,0.08785922900000287
71,85499,sat,8.766298500000005,0.08998499099999435
72,86700,sat,8.893584431000022,0.09278388299998142
73,87901,sat,9.00814415100001,0.09577063699998689
74,89102,sat,9.216193431000022,0.0950325629999611
75,90303,sat,9.230645374999995,0.095480302999988
76,91504,sat,9.374440931000038,0.09788454700003513
77,92705,sat,9.462294127000007,0.0963456869999959
78,93906,sat,9.649481906000005,0.10190777299999354
79,95107,sat,9.71031719299998,0.0994396140000049
80,96308,sat,9.924894114999972,0.1057215719999931
81,97509,sat,9.981056531999911,0.1063181419999637
82,98710,sat,10.120299671999987,0.10818206199996894
83,99911,sat,10.244878448999998,0.10967094199997973
84,101112,sat,10.375735013999929,0.11156146299992997
85,102313,sat,10.497462943999949,0.11300069999992957
86,103514,sat,10.66353118099994,0.11505860399995527
87,104715,sat,10.744065348999925,0.11551520800003345
88,105916,sat,10.863111980999975,0.11796696800001882
89,107117,sat,11.03032868799994,0.11845501799996327
90,108318,sat,11.096497289000013,0.1219348810000156
91,109519,sat,11.239180708000049,0.12517261699997562
92,110720,sat,11.352437732999988,0.12461212300001989
93,111921,sat,11.473449979000065,0.1258224700000028
94,113122,sat,11.630663888999948,0.12682667799992942
95,114323,sat,11.726573963000078,0.1314975579999782
96,115524,sat,11.867560808000007,0.13204439499997989
97,116725,sat,11.99787953100008,0.13231516300004387
98,117926,sat,12.19098788100007,0.13420792900001288
99,119127,sat,12.256597594000027,0.14155073299991727
100,120328,sat,12.357385365000027,0.1385564270000259
