k,ModelConstraintSize,Result,Generation,Solving
1,1883,unsat,0.1029359699999759,0.003809884000020247
2,3354,unsat,0.17709078099994713,0.004363846000046578
3,4825,unsat,0.2507122139999183,0.003987785000049371
4,6296,unsat,0.3261257919999707,0.004357338999966487
5,7767,unsat,0.3986911689999033,0.004162054999937936
6,9238,unsat,0.47813631600001827,0.005104010999957609
7,10709,unsat,0.5653352799999993,0.005397453999989921
8,12180,unsat,0.6402694170000132,0.005071778000001359
9,13651,unsat,0.7330279950000431,0.005087150000008478
10,15122,unsat,0.7947144849999859,0.0046447309999848585
11,16593,unsat,0.8641788069999166,0.004788129999951707
12,18064,unsat,0.9332798709999679,0.005107272999907764
13,19535,unsat,1.0244796409999708,0.005437581000023783
14,21006,unsat,1.1139298720000852,0.00495427999999265
15,22477,unsat,1.1736556349999319,0.005560827999943285
16,23948,unsat,1.237139457000012,0.005661379999992278
17,25419,unsat,1.3175750080000626,0.005395671000087532
18,26890,unsat,1.408546331000025,0.005585246999999072
19,28361,unsat,1.472449374000007,0.005616892000034568
20,29832,unsat,1.5624022700000069,0.005879862000028879
21,31303,unsat,1.615530915000022,0.00608369099995798
22,32774,unsat,1.7104807740000751,0.005770577000021149
23,34245,unsat,1.7880269070000168,0.005999124000027223
24,35716,unsat,1.861173841999971,0.007141187999991416
25,37187,unsat,1.9392936589999863,0.006381680000004053
26,38658,unsat,2.0117659539999977,0.006117782999922383
27,40129,unsat,2.136565608000069,0.007262418999971487
28,41600,unsat,2.1624420280001004,0.006566905999989103
29,43071,unsat,2.2352077199999485,0.007069786999977623
30,44542,unsat,2.3214372579999463,0.006931969999982357
31,46013,unsat,2.4196319569999787,0.006988083999999617
32,47484,unsat,2.5067239290000316,0.0067158610000888075
33,48955,unsat,2.562830101999907,0.006725856999992175
34,50426,unsat,2.611081740999907,0.007184972999993988
35,51897,unsat,2.695835794000004,0.007261352000000443
36,53368,unsat,2.790642684999966,0.007982188000028145
37,54839,unsat,2.85514054500004,0.008045545999948445
38,56310,unsat,2.9354963040000257,0.007660449000013614
39,57781,unsat,2.9967482460000383,0.0084853739999744
40,59252,unsat,3.107928847999915,0.008697261000065737
41,60723,unsat,3.2103136229999336,0.008094927999991341
42,62194,unsat,3.220306875999995,0.008111639000048854
43,63665,unsat,3.305524622000007,0.00921157300001596
44,65136,unsat,3.4485666740000624,0.008529318000000785
45,66607,unsat,3.4765128670001104,0.010234409999952732
46,68078,unsat,3.57298420799998,0.009295861000055083
47,69549,unsat,3.6360749510000687,0.008739756999943893
48,71020,unsat,3.7283830569999736,0.009485051999945426
49,72491,unsat,3.747257035000075,0.009186839999983931
50,73962,unsat,3.92332765499998,0.009359701999983372
1,1883,unsat,0.10413479899989397,0.0051789879998977995
2,3354,unsat,0.18220706000010978,0.004847768999752589
3,4825,unsat,0.2645944329997292,0.005529983000087668
4,6296,unsat,0.3469354710000516,0.005306145999838918
5,7767,unsat,0.42456194099986533,0.005424782999853051
6,9238,unsat,0.49621223500025735,0.0055830229998719005
7,10709,unsat,0.576704515000074,0.0052784340000471275
8,12180,unsat,0.6521721439999055,0.0057347479996678885
9,13651,unsat,0.7323202549996495,0.005593196999598149
10,15122,unsat,0.806797227000061,0.005657882999912545
11,16593,unsat,0.8824153069999738,0.005156730000180687
12,18064,unsat,1.0003789740003413,0.006480793000264384
13,19535,unsat,1.0676129710000168,0.005922249000377633
14,21006,unsat,1.1219925549999061,0.006349831999614253
15,22477,unsat,1.2167378169997392,0.006574018999799591
16,23948,unsat,1.3238914859998658,0.0070161890002964356
17,25419,unsat,1.4161890860000312,0.00711451200004376
18,26890,unsat,1.431058387000121,0.008412910000060947
19,28361,unsat,1.5901860080002734,0.0066455460000725
20,29832,unsat,1.6001781610002581,0.00667781299989656
21,31303,unsat,1.7158679649996884,0.007760997999866959
22,32774,unsat,1.7873758609998731,0.0069836060001762235
23,34245,unsat,1.8598691199999848,0.007227355999930296
24,35716,unsat,1.9643519690002904,0.007549883000137925
25,37187,unsat,2.0577818529995966,0.0077050019999660435
26,38658,unsat,2.1626559029996315,0.008099783000034222
27,40129,unsat,2.2051857149999705,0.008829155000057654
28,41600,unsat,2.2297635599998102,0.007695598000282189
29,43071,unsat,2.3276181240003098,0.0073556149995965825
30,44542,unsat,2.4046918670001105,0.007886056000188546
31,46013,unsat,2.5065501270000823,0.008307041000080062
32,47484,unsat,2.6156636589998925,0.009722140000121726
33,48955,unsat,2.6839490279999154,0.009428453000055015
34,50426,unsat,2.7594021840000096,0.009743242999775248
35,51897,unsat,2.865620460000173,0.011132069999803207
36,53368,unsat,2.926300738000009,0.01009114699991187
37,54839,unsat,3.0043636460000016,0.010263417000260233
38,56310,unsat,3.133915397999772,0.010476228999777959
39,57781,unsat,3.1691032339999765,0.010816156000146293
40,59252,unsat,3.2403464460003306,0.010220494999884977
41,60723,unsat,3.3357689420004135,0.012407079999775306
42,62194,unsat,3.4083362979999947,0.011692565999965154
43,63665,unsat,3.5133390320002036,0.010781728999972984
44,65136,unsat,3.56993447800005,0.012967155999831448
45,66607,unsat,3.6475001180001527,0.011599813999964681
46,68078,unsat,3.746186539000064,0.011313152000184346
47,69549,unsat,3.900592240000151,0.013661100999797782
48,71020,unsat,3.853816003999782,0.010649536000073567
49,72491,unsat,3.9681065629997647,0.010490452999874833
50,73962,unsat,4.008007551999981,0.01143649000005098
1,1883,unsat,0.10109631399973296,0.00512384400008159
2,3354,unsat,0.1778623919999518,0.004978243000095972
3,4825,unsat,0.2552173889998812,0.004606636000062281
4,6296,unsat,0.33393705400021645,0.005670323000231292
5,7767,unsat,0.4159333880002123,0.005767124000158219
6,9238,unsat,0.48829751599987503,0.005539063000014721
7,10709,unsat,0.563388066999778,0.006255039999814471
8,12180,unsat,0.6499151789998905,0.006104319000314717
9,13651,unsat,0.7239038070001698,0.00612914399971487
10,15122,unsat,0.8001355449996481,0.0063967400001274655
11,16593,unsat,0.9140500080002312,0.0066856990001724625
12,18064,unsat,1.0048421089995827,0.006596858000193606
13,19535,unsat,1.0782070889999886,0.007063777999974263
14,21006,unsat,1.133756779000123,0.007942943000216474
15,22477,unsat,1.2042072989997905,0.0070589350002592255
16,23948,unsat,1.2748311390000708,0.0069174399995972635
17,25419,unsat,1.3597041409998383,0.007200173000001087
18,26890,unsat,1.4324268320001465,0.007350358999701712
19,28361,unsat,1.516092777999802,0.0069061750000400934
20,29832,unsat,1.6260861089999707,0.007301541999822803
21,31303,unsat,1.6680684060002022,0.007409977999941475
22,32774,unsat,1.7510935229997813,0.008224122000228817
23,34245,unsat,1.853341157000159,0.008239831000082631
24,35716,unsat,1.9004181880000033,0.007636008000190486
25,37187,unsat,1.9750011200003428,0.008077836000211391
26,38658,unsat,2.081715477999751,0.008616496000286133
27,40129,unsat,2.1189798949999386,0.008666299999731564
28,41600,unsat,2.210659459999988,0.008257139000306779
29,43071,unsat,2.2877651070002685,0.00815008100016712
30,44542,unsat,2.37584286099991,0.00805504900017695
31,46013,unsat,2.438483914000244,0.008266099000138638
32,47484,unsat,2.5488991129996066,0.008736443000088912
33,48955,unsat,2.643205195000064,0.008354349999990518
34,50426,unsat,2.6821645280001576,0.008926437999889458
35,51897,unsat,2.761048762000428,0.009417115999895032
36,53368,unsat,2.815483087999837,0.0088657740002418
37,54839,unsat,2.9295329490000768,0.009190244999899733
38,56310,unsat,2.976554372999999,0.009200235000207613
39,57781,unsat,3.1090624299999945,0.008821521999834658
40,59252,unsat,3.150979717000155,0.00922678199958682
41,60723,unsat,3.22850267900003,0.010360247999869898
42,62194,unsat,3.431288880000011,0.010412638999696355
43,63665,unsat,3.36715227600007,0.009711421999782033
44,65136,unsat,3.490222631999586,0.009752263999871502
45,66607,unsat,3.542114323000078,0.009847009000168327
46,68078,unsat,3.6094095769999512,0.010556608000115375
47,69549,unsat,3.712696864999998,0.011589009999624977
48,71020,unsat,3.7699229649997505,0.0107400549995873
49,72491,unsat,3.8554827600000863,0.010630745000071329
50,73962,unsat,3.926458881000144,0.010270011999637063
1,1883,unsat,0.10127602500006105,0.0049044209999919985
2,3354,unsat,0.18056522000006225,0.004724518999864813
3,4825,unsat,0.2577561510001942,0.005124660000092263
4,6296,unsat,0.34176792800008116,0.005280632999983936
5,7767,unsat,0.42088151500001914,0.005420602000413055
6,9238,unsat,0.49363010099978055,0.005572073000166711
7,10709,unsat,0.5739712499998859,0.0055853400003798015
8,12180,unsat,0.6379105199998776,0.006227429000318807
9,13651,unsat,0.7143171470002017,0.005834558000060497
10,15122,unsat,0.795413409000048,0.006002779000027658
11,16593,unsat,0.8729085249997297,0.006336762000046292
12,18064,unsat,0.9480243570001221,0.0064314350001950515
13,19535,unsat,1.0239364799999748,0.006458241000018461
14,21006,unsat,1.101610157000323,0.006755542999599129
15,22477,unsat,1.2118634630000997,0.007121511000150349
16,23948,unsat,1.2658305640002254,0.007021835000159626
17,25419,unsat,1.3357787139998436,0.007025080999937927
18,26890,unsat,1.4303357779999715,0.007115146000160166
19,28361,unsat,1.4959281849996842,0.007220478000363073
20,29832,unsat,1.5822446340002898,0.007391136000023835
21,31303,unsat,1.6529528799997024,0.007582793999972637
22,32774,unsat,1.733719652000218,0.007677245999730076
23,34245,unsat,1.8137886449999314,0.007789167999817437
24,35716,unsat,1.901394122000056,0.009595011999863345
25,37187,unsat,1.9677557310001248,0.008290237999972305
26,38658,unsat,2.038330540000061,0.0083323220001148
27,40129,unsat,2.136455491000106,0.008529354000074818
28,41600,unsat,2.2034595850000187,0.008949603000019124
29,43071,unsat,2.2684500420000404,0.008649590999993961
30,44542,unsat,2.3539032749999933,0.009259037999981956
31,46013,unsat,2.433580098999755,0.008857717999944725
32,47484,unsat,2.5276961380000103,0.009130164999987755
33,48955,unsat,2.6579882500000167,0.009482917999775964
34,50426,unsat,2.662810156999967,0.009145475999957853
35,51897,unsat,2.731441163999989,0.009283646999847406
36,53368,unsat,2.806442848000188,0.009901982999963366
37,54839,unsat,2.9066597679998267,0.009422273999916797
38,56310,unsat,3.0002599119998195,0.010327830000278482
39,57781,unsat,3.0562641820001772,0.009776612999758072
40,59252,unsat,3.135755702000097,0.011932275000162917
41,60723,unsat,3.2092945609997514,0.010259980999762774
42,62194,unsat,3.2830481050000344,0.010198281000157294
43,63665,unsat,3.343887196999731,0.010089808999964589
44,65136,unsat,3.474740668999857,0.010370125000008557
45,66607,unsat,3.540561264000189,0.011764496000068903
46,68078,unsat,3.600242812000033,0.010848986999917543
47,69549,unsat,3.710805822999646,0.010602383999867016
48,71020,unsat,3.76221161400008,0.010731696999755513
49,72491,unsat,3.8603649810002025,0.010943637999844213
50,73962,unsat,3.912201737000032,0.011081963999458821
