k,ModelConstraintSize,Result,Generation,Solving
1,2073,unsat,0.10654088599994793,0.004206302999591571
2,3831,unsat,0.19255865400009498,0.004544438000266382
3,5589,unsat,0.2833982070001184,0.004355823999958375
4,7347,unsat,0.36752118799995515,0.0040308659999936935
5,9105,unsat,0.4757588570000735,0.0038148690000525676
6,10863,unsat,0.5569590820000485,0.004466791000140802
7,12621,unsat,0.6323471689997859,0.003971358999933727
8,14379,unsat,0.7188814099999945,0.003938464999919233
9,16137,unsat,0.8171223859999373,0.004769140999997035
10,17895,unsat,0.9023028040001009,0.004203909999887401
11,19653,unsat,0.9959912130002522,0.004644606000056228
12,21411,unsat,1.0770544839997456,0.004613583000264043
13,23169,unsat,1.1668611519999104,0.004104592000203411
14,24927,unsat,1.254781974999787,0.004271152000001166
15,26685,unsat,1.3541820899999948,0.004649250000056782
16,28443,unsat,1.417515070999798,0.0043251170000075945
17,30201,unsat,1.5161415000002307,0.0039202540001497255
18,31959,unsat,1.629401542999858,0.004401748000418593
19,33717,unsat,1.693862356000409,0.004432096999607893
20,35475,unsat,1.793747919999987,0.00413051900022765
21,37233,unsat,1.875917741000194,0.004504277000251022
22,38991,unsat,1.9718113389999417,0.004157859000315511
23,40749,unsat,2.079670678000184,0.004614089999904536
24,42507,unsat,2.139373300999978,0.004096392000064952
25,44265,unsat,2.232049674999871,0.004460363999896799
26,46023,unsat,2.339915192999797,0.004230199000176071
27,47781,unsat,2.4044557500001247,0.004282887000044866
28,49539,unsat,2.477786409000146,0.004037590999814711
29,51297,unsat,2.6407804020000185,0.004243455000050744
30,53055,unsat,2.6780802299999777,0.004344415000105073
31,54813,unsat,2.7497415109996837,0.0042346109999016335
32,56571,unsat,2.831660405999628,0.0037927009998384165
33,58329,unsat,2.956570082000326,0.004230927999742562
34,60087,unsat,3.0120085389999076,0.0039979980001589865
35,61845,unsat,3.104774954000277,0.004402023999773519
36,63603,unsat,3.22770863300002,0.00443027900018933
37,65361,unsat,3.3066382930001055,0.0045734139998785395
38,67119,unsat,3.37017082400007,0.003910546000042814
39,68877,unsat,3.4746171220003816,0.004341151000062382
40,70635,unsat,3.5550790600000255,0.004364484999769047
41,72393,unsat,3.658366078000199,0.004332657000304607
42,74151,unsat,3.7195476580000104,0.00452788300026441
43,75909,unsat,3.8670529329997407,0.004448592999779066
44,77667,unsat,3.9349398839999594,0.003975598999659269
45,79425,unsat,4.002420284999971,0.0047105590001592645
46,81183,unsat,4.111859824000021,0.004356766999990214
47,82941,unsat,4.156329177999851,0.0043456039998091
48,84699,unsat,4.227061753999806,0.004401103999953193
49,86457,unsat,4.468812398999944,0.004277730000012525
50,88215,unsat,4.472471213000063,0.004034285999750864
51,89973,unsat,4.559935150000001,0.004325265999796102
52,91731,unsat,4.6723890680000295,0.004545250000319356
53,93489,unsat,4.713499452000178,0.004582756999752746
54,95247,unsat,4.802553805000116,0.004239293999944493
55,97005,unsat,4.985865979999744,0.005029700999784836
56,98763,unsat,4.980628048000199,0.004465504999643599
57,100521,unsat,5.069202611000037,0.0042628119999790215
58,102279,unsat,5.125273033000212,0.004407745000207797
59,104037,unsat,5.270369427999867,0.004080181000063021
60,105795,unsat,5.3076572459999625,0.0041673460000311024
61,107553,unsat,5.427200075999735,0.004239761999997427
62,109311,unsat,5.528454907000196,0.004518882999946072
63,111069,unsat,5.613626434999787,0.004877410999597487
64,112827,unsat,5.693974977999915,0.00468111299960583
65,114585,unsat,5.772281901000042,0.004030549000162864
66,116343,unsat,5.855219176999981,0.004243151999617112
67,118101,unsat,5.997577697999986,0.004489102000206913
68,119859,unsat,6.032443370999772,0.004721918000086589
69,121617,unsat,6.1599259300000995,0.004546140000002197
70,123375,unsat,6.189683697999953,0.004192155000055209
71,125133,unsat,6.341034495999793,0.004275797999980568
72,126891,unsat,6.424714427999788,0.004578676000164705
73,128649,unsat,6.490224623999893,0.0043212719997427484
74,130407,unsat,6.545833734999633,0.004509250999944925
75,132165,unsat,6.714784798999972,0.0046049430002312874
76,133923,unsat,6.765939178000281,0.004494481000165251
77,135681,unsat,6.842934547000368,0.0042367329997432535
78,137439,unsat,6.936586904000251,0.004259231000105501
79,139197,unsat,7.001865400000042,0.0041644210000413295
80,140955,unsat,7.199134766000043,0.004506515000230138
81,142713,unsat,7.138502866000181,0.003764052999940759
82,144471,unsat,7.291618601999744,0.0038422220000029483
83,146229,unsat,7.313967819000027,0.004590331000144943
84,147987,unsat,7.381468395999946,0.004087693000201398
85,149745,unsat,7.56237248799971,0.004421761000230617
86,151503,unsat,7.640569905999655,0.004773150000346504
87,153261,unsat,7.704108505000022,0.004554086000098323
88,155019,unsat,7.834139303000029,0.004745124000237411
89,156777,unsat,7.92958515600003,0.004465660999812826
90,158535,unsat,8.077899328999592,0.004884316999778093
91,160293,unsat,8.08846148099974,0.004965686000105052
92,162051,unsat,8.17943649100016,0.0046072330001152295
93,163809,unsat,8.422526194000056,0.0040010860002439586
94,165567,unsat,8.406776490000084,0.004479273000015382
95,167325,unsat,8.42713525299996,0.004497234000155004
96,169083,unsat,8.556665550000162,0.004201535999982298
97,170841,unsat,8.715621983999881,0.004876778999914677
98,172599,unsat,8.750145522999901,0.0046060330000727845
99,174357,unsat,8.82204880900008,0.00437673199985511
100,176115,unsat,8.96056676299986,0.004805134999969596
