id,STLformulaSize,k,ModelConstraintSize,FormulaSize,FullSeparation,Result,Reach,Generation,Solving,Total
scheduleing f0: (<>_[0.0,50.0]^[0.0,inf) ps)
scheduleing f1: ([]_[0.0,40.0]^[0.0,inf) (qf U_[0.0,40.0]^[0.0,inf) ps))
scheduleing f3: ([]_[0.0,40.0]^[0.0,inf) (pf -> ([]_[0.0,7.0]^[0.0,inf) pf)))
scheduleing f2: ([]_[0.0,50.0]^[0.0,inf) (qs -> ([]_[0.0,50.0]^[0.0,inf) (qf U_[0.0,50.0]^[0.0,inf) pf))))
f0,2,1,890,211,43,unsat,0.003985118,0.00554339199999998,0.006641547000000025,0.012184939000000006
f3,5,1,890,2653,547,sat,0.006059903,0.006934892000000081,0.027426718999999933,0.034361611000000014
f1,4,1,890,2212,531,unsat,0.007609203,0.006701149999999989,0.015082518000000045,0.021783668000000034
f2,7,1,890,14804,4075,sat,0.006724456,0.009849195999999782,1.8881258930000002,1.897975089
f2,7,34,22010,1621970,570652,test,0.050499640999987605,0.1722003639997638,0.00012746800030072336,0.17232783200006452
f2,7,35,22650,1712152,602781,test,0.0523561349996271,0.18221968500029107,6.574600001840736e-05,0.18228543100030947
f2,7,36,23290,1804774,635790,test,0.054163620000053925,0.18599652200009587,6.336500018733204e-05,0.1860598870002832
f2,7,37,23930,1899836,669679,test,0.0551941319999969,0.18971075100034795,6.20259997958783e-05,0.18977277700014383
f2,7,38,24570,1997338,704448,test,0.05649953500005722,0.1969957399996929,6.201199994393392e-05,0.19705775199963682
f2,7,39,25210,2097280,740097,test,0.05804500400017787,0.2032425009997496,6.945400036784122e-05,0.20331195500011745
f2,7,40,25850,2199662,776626,test,0.05930544100010593,0.21260420999988128,6.214299992279848e-05,0.21266635299980408
f2,7,41,26490,2304484,814035,test,0.06072249199996804,0.21698256600029708,6.628800019825576e-05,0.21704885400049534
f2,7,42,27130,2411746,852324,test,0.06179675499970472,0.22825753100005386,6.663699969067238e-05,0.22832416799974453
f2,7,43,27770,2521448,891493,test,0.06361779399958323,0.2355015650000496,6.632699933106778e-05,0.23556789199938066
f2,7,44,28410,2633590,931542,test,0.064888687000348,0.2455537670002741,6.32699993730057e-05,0.2456170369996471
f2,7,45,29050,2748172,972471,test,0.06799424400014686,0.25026303100003133,6.437299998651724e-05,0.25032740400001785
f2,7,46,29690,2865194,1014280,test,0.06795218699971883,0.25943153200023517,6.07920001129969e-05,0.25949232400034816
f2,7,47,30330,2984656,1056969,test,0.06901645400012058,0.27309858500029804,6.392500017682323e-05,0.27316251000047487
f2,7,48,30970,3106558,1100538,test,0.07165446500039252,0.277790811000159,6.457900053646881e-05,0.2778553900006955
f2,7,49,31610,3230900,1144987,test,0.07127558600041084,0.31312038699979894,7.544999971287325e-05,0.3131958369995118
f2,7,50,32250,3357682,1190316,test,0.07265913799983537,0.29449213099996996,6.656299956375733e-05,0.2945586939995337
