id,k,ModelConstraintSize,FormulaConstraintSize,TranslationSize,FullSeparation,Result,Generation,Solving
f2,1,4011,34293,9031,117,unsat,3.3487184049999996,0.0050242460000000655
f2,2,6862,56796,15959,156,unsat,5.5427253400000005,0.004755027999999939
f2,3,9713,85007,24875,195,unsat,8.330312682999999,0.005390650999999025
f2,4,12564,118926,35779,234,unsat,11.548058847,0.005382628000003109
f2,5,15415,158553,48671,273,unsat,15.505220260000002,0.005082047999998451
f2,6,18266,203888,63551,312,unsat,19.72632925,0.00525846899999749
f2,7,21117,254931,80419,351,unsat,24.411066238000004,0.004819811999993817
f2,8,23968,311682,99275,390,unsat,29.721267325,0.004936901000007765
f2,9,26819,374141,120119,429,unsat,35.830510772,0.004820620000003828
f2,10,29670,442308,142951,468,unsat,42.00405181300002,0.005538884999992888
f2,11,32521,516183,167771,507,unsat,48.914995879,0.005515900000006013
f2,12,35372,595766,194579,546,unsat,56.38613358699999,0.0053555879999862555
f2,13,38223,681057,223375,585,unsat,64.31744298499996,0.0054325349999544414
f2,14,41074,772056,254159,624,unsat,72.95559193700001,0.006392095999956382
f2,15,43925,868763,286931,663,unsat,81.85889606300003,0.005995389000077012
f2,16,46776,971178,321691,702,unsat,91.79051950799999,0.006507870999939769
f2,17,49627,1079301,358439,741,unsat,101.56115677499997,0.005774386000098275
f2,18,52478,1193132,397175,780,unsat,111.79077209000002,0.006069334000017079
f2,19,55329,1312671,437899,819,unsat,123.26448873900006,0.006107975000077204
f2,20,58180,1437918,480611,858,unsat,134.83122899700004,0.006988677999970605
f2,21,61031,1568873,525311,897,unsat,147.01803742899983,0.006471714999861433
f2,22,63882,1705536,571999,936,unsat,159.53642606200015,0.00675162199991064
f2,23,66733,1847907,620675,975,unsat,176.52794842899993,0.01849953399982951
f2,24,69584,1995986,671339,1014,unsat,187.33338517300012,0.006109094999828812
f2,25,72435,2149773,723991,1053,unsat,200.3743182180001,0.006308885000180453
f2,26,75286,2309268,778631,1092,unsat,215.73884142499992,0.0057913059999918914
f2,27,78137,2474471,835259,1131,unsat,229.8057209640001,0.005954325999937282
f2,28,80988,2645382,893875,1170,unsat,246.03344445400035,0.0058240079997631256
f2,29,83839,2822001,954479,1209,unsat,262.1794091810002,0.006291863000114972
f2,30,86690,3004328,1017071,1248,unsat,279.46047741699977,0.00710531999993691
f2,31,89541,3192363,1081651,1287,unsat,298.27471724199995,0.005998384000122314
f2,32,92392,3386106,1148219,1326,unsat,319.95664212400015,0.006528881000122055
f2,33,95243,3585557,1216775,1365,unsat,334.20036368399997,0.006392360000063491
f2,34,98094,3790716,1287319,1404,unsat,354.951026449,0.006639891999839165
f2,35,100945,4001583,1359851,1443,unsat,373.15909605199977,0.005927556000642653
f2,36,103796,4218158,1434371,1482,unsat,390.146046887,0.005515387999366794
f2,37,106647,4440441,1510879,1521,unsat,410.2174920389998,0.006037782000021252
f2,38,109498,4668432,1589375,1560,unsat,430.0681876970002,0.00624747199981357
f2,39,112349,4902131,1669859,1599,unsat,451.9825910059999,0.00542182099979982
f2,40,115200,5141538,1752331,1638,unsat,475.0594568819997,0.005252013000244915
f2,41,118051,5386653,1836791,1677,unsat,496.56890499899964,0.005754061999141413
f2,42,120902,5637476,1923239,1716,unsat,521.0512983449999,0.005440472999907797
f2,43,123753,5894007,2011675,1755,unsat,541.7040950229994,0.005627526001262595
f2,44,126604,6156246,2102099,1794,unsat,566.3572050269995,0.005990286999804084
f2,45,129455,6424193,2194511,1833,unsat,591.3898916830003,0.00607387799936987
f2,46,132306,6697848,2288911,1872,unsat,619.138289212,0.005892905999644427
f2,47,135157,6977211,2385299,1911,unsat,644.5918097840004,0.006032596000295598
f2,48,138008,7262282,2483675,1950,unsat,671.0951070120009,0.00598473599893623
f2,49,140859,7553061,2584039,1989,unsat,696.183980672,0.006179111998790177
f2,50,143710,7849548,2686391,2028,unsat,726.2897078770002,0.005920125999182346
