id,k,ModelConstraintSize,FormulaConstraintSize,TranslationSize,FullSeparation,Result,Generation,Solving
f1,1,3375,5047,1141,44,unsat,0.770389842,0.0042746569999999595
f1,2,5908,8962,2546,63,unsat,1.264081369,0.004173098999999958
f1,3,8441,14025,4479,82,unsat,1.8931199140000001,0.0038801630000002696
f1,4,10974,20236,6940,101,unsat,2.6457558509999997,0.004478365999999845
f1,5,13507,27595,9929,120,unsat,3.5599317819999996,0.004143406000000738
f1,6,16040,36102,13446,139,unsat,4.472409185,0.004304785000000422
f1,7,18573,45757,17491,158,unsat,5.54427624,0.004368003999999814
f1,8,21106,56560,22064,177,unsat,6.7455784869999995,0.004679476999999821
f1,9,23639,68511,27165,196,unsat,8.010848380999999,0.00421114200000261
f1,10,26172,81610,32794,215,unsat,9.397707910999998,0.004125623000000189
f1,11,28705,95857,38951,234,unsat,10.886826985999996,0.004306518999996456
f1,12,31238,111252,45636,253,unsat,12.538461062999993,0.004875838000003796
f1,13,33771,127795,52849,272,unsat,14.238983743999995,0.004145721000000435
f1,14,36304,145486,60590,291,unsat,16.07607111600001,0.004462265000000798
f1,15,38837,164325,68859,310,unsat,18.080762773000004,0.004387983000000872
f1,16,41370,184312,77656,329,unsat,20.040046108999988,0.004174973000004911
f1,17,43903,205447,86981,348,unsat,22.178257427999995,0.004456102999995437
f1,18,46436,227730,96834,367,unsat,24.562517065999998,0.004502704000003632
f1,19,48969,251161,107215,386,unsat,27.046559363,0.004554501999990634
f1,20,51502,275740,118124,405,unsat,29.276539274000015,0.004369691999983161
f1,21,54035,301467,129561,424,unsat,31.754881753000006,0.0042395220000344125
f1,22,56568,328342,141526,443,unsat,34.54302902300003,0.004359036000039396
f1,23,59101,356365,154019,462,unsat,37.33763281999995,0.0044605109999906745
f1,24,61634,385536,167040,481,unsat,40.338610061,0.0046148399999879075
f1,25,64167,415855,180589,500,unsat,43.386110744999996,0.004597664999948847
f1,26,66700,447322,194666,519,unsat,46.432649873,0.0044611000000145395
f1,27,69233,479937,209271,538,unsat,49.64786599299998,0.004618555000092783
f1,28,71766,513700,224404,557,unsat,53.066872816,0.005106313999931444
f1,29,74299,548611,240065,576,unsat,57.046281210000075,0.004934863000016776
f1,30,76832,584670,256254,595,unsat,60.067725574000065,0.0053067339999870455
f1,31,79365,621877,272971,614,unsat,63.981706014999986,0.004866423999942526
f1,32,81898,660232,290216,633,unsat,67.148391608,0.005041460000029474
f1,33,84431,699735,307989,652,unsat,71.72875459399995,0.00501994499995817
f1,34,86964,740386,326290,671,unsat,75.69445468699996,0.004972329999986869
f1,35,89497,782185,345119,690,unsat,79.43327993200012,0.00578860300015549
f1,36,92030,825132,364476,709,unsat,83.76787406499989,0.005191906000163726
f1,37,94563,869227,384361,728,unsat,88.2891831039999,0.005124423000097522
f1,38,97096,914470,404774,747,unsat,92.39982784000017,0.005005550999840125
f1,39,99629,960861,425715,766,unsat,96.90075409100018,0.005620980999992753
f1,40,102162,1008400,447184,785,unsat,101.4662398559999,0.005252367000139202
f1,41,104695,1057087,469181,804,unsat,106.5174954040001,0.005126565999944432
f1,42,107228,1106922,491706,823,unsat,111.63866274800012,0.005517300000065006
f1,43,109761,1157905,514759,842,unsat,116.21366439100007,0.005293348999884984
f1,44,112294,1210036,538340,861,unsat,121.27601135500004,0.005957207000164999
f1,45,114827,1263315,562449,880,unsat,127.04910187600012,0.005709206000119593
f1,46,117360,1317742,587086,899,unsat,132.56472268800007,0.0053858539999964705
f1,47,119893,1373317,612251,918,unsat,137.94568208300007,0.005326684000010573
f1,48,122426,1430040,637944,937,unsat,143.17325288799975,0.005022134999762784
f1,49,124959,1487911,664165,956,unsat,150.10816698000008,0.00566098699982831
f1,50,127492,1546930,690914,975,unsat,154.42699771399975,0.005260242000076687
