id,k,ModelConstraintSize,FormulaConstraintSize,TranslationSize,FullSeparation,Result,Generation,Solving
f0,1,2600,465,84,8,unsat,0.262477279,0.004537350999999967
f0,2,4624,950,185,12,unsat,0.44110588500000003,0.0048421210000000325
f0,3,6648,1595,322,16,unsat,0.6759560069999999,0.004614002999999922
f0,4,8672,2400,495,20,unsat,0.88066516,0.00461279800000014
f0,5,10696,3365,704,24,unsat,1.1487197130000002,0.005123357000000439
f0,6,12720,4490,949,28,unsat,1.3717028750000004,0.004355966000000322
f0,7,14744,5775,1230,32,unsat,1.6459396259999997,0.004357670000000091
f0,8,16768,7220,1547,36,unsat,1.9081996749999997,0.00476989100000047
f0,9,18792,8825,1900,40,unsat,2.250621818999999,0.004593078000000972
f0,10,20816,10590,2289,44,unsat,2.528786489,0.004775722999999843
f0,11,22840,12515,2714,48,unsat,2.862648050999999,0.004608777999997926
f0,12,24864,14600,3175,52,unsat,3.2241824799999996,0.004686727999999363
f0,13,26888,16845,3672,56,unsat,3.5563042389999993,0.0051690449999988175
f0,14,28912,19250,4205,60,unsat,3.948565745,0.0065325999999998885
f0,15,30936,21815,4774,64,unsat,4.289956903,0.005191619000001424
f0,16,32960,24540,5379,68,unsat,4.717841061999998,0.004802644000001521
f0,17,34984,27425,6020,72,unsat,5.119887002999995,0.005543929999994646
f0,18,37008,30470,6697,76,unsat,5.6137376,0.005094032999998888
f0,19,39032,33675,7410,80,unsat,5.945488675,0.005696641000000113
f0,20,41056,37040,8159,84,unsat,6.423155945999994,0.0049241640000019515
f0,21,43080,40565,8944,88,unsat,6.854244829999999,0.0052251940000047625
f0,22,45104,44250,9765,92,unsat,7.257345817000001,0.0048145869999984825
f0,23,47128,48095,10622,96,unsat,7.753119325,0.004734194999997499
f0,24,49152,52100,11515,100,unsat,8.20331899,0.0043334979999940515
f0,25,51176,56265,12444,104,unsat,8.679085055999991,0.004363667000006899
f0,26,53200,60590,13409,108,unsat,9.243212498000005,0.005252100000006976
f0,27,55224,65075,14410,112,unsat,9.743727790000008,0.004379110000002129
f0,28,57248,69720,15447,116,unsat,10.374722797000004,0.004199471999996263
f0,29,59272,74525,16520,120,unsat,10.873241975000013,0.0041940259999933005
f0,30,61296,79490,17629,124,unsat,11.616604325999987,0.0036833350000051723
f0,31,63320,84615,18774,128,unsat,12.035364238999989,0.003774667000016052
f0,32,65344,89900,19955,132,unsat,12.475851322000011,0.003677070000009053
f0,33,67368,95345,21172,136,unsat,13.151912183000007,0.003616604000001189
f0,34,69392,100950,22425,140,unsat,13.740294003999992,0.0035945660000038515
f0,35,71416,106715,23714,144,unsat,14.429952094000015,0.004100255999986757
f0,36,73440,112640,25039,148,unsat,15.16779999800002,0.004498532000013711
f0,37,75464,118725,26400,152,unsat,15.722475073999988,0.004095179000017879
f0,38,77488,124970,27797,156,unsat,16.558275436000002,0.0041457180000179505
f0,39,79512,131375,29230,160,unsat,17.319438132000016,0.004216640999970878
f0,40,81536,137940,30699,164,unsat,18.02359543700004,0.004277397999999266
f0,41,83560,144665,32204,168,unsat,18.671051594999994,0.004171729999995932
f0,42,85584,151550,33745,172,unsat,19.312364349999996,0.0041119450000337565
f0,43,87608,158595,35322,176,unsat,20.180475134000005,0.00434191900001224
f0,44,89632,165800,36935,180,unsat,21.047091059000024,0.004437492000022303
f0,45,91656,173165,38584,184,unsat,22.123499874000004,0.006914864000009402
f0,46,93680,180690,40269,188,unsat,22.886813598999993,0.004623729000002186
f0,47,95704,188375,41990,192,unsat,23.674021530000005,0.004530617000000348
f0,48,97728,196220,43747,196,unsat,24.17675047099999,0.0043284170000106315
f0,49,99752,204225,45540,200,unsat,25.410540088000005,0.004166211000040221
f0,50,101776,212390,47369,204,unsat,26.07455936000008,0.004234933000020646
f0,51,103800,220715,49234,208,unsat,26.594790343,0.0042287829999168025
f0,52,105824,229200,51135,212,unsat,27.702727322999976,0.0036969820000649634
f0,53,107848,237845,53072,216,unsat,28.315948976999948,0.0040894960000059655
f0,54,109872,246650,55045,220,unsat,29.64009165899995,0.004193107999981294
f0,55,111896,255615,57054,224,unsat,30.131372266000085,0.004232143000081123
f0,56,113920,264740,59099,228,unsat,31.482605671999977,0.004399078999995254
f0,57,115944,274025,61180,232,unsat,32.60627953100004,0.005148710000071333
f0,58,117968,283470,63297,236,unsat,34.131461807999926,0.004655789000025834
f0,59,119992,293075,65450,240,unsat,34.62606434899999,0.004252016000009462
f0,60,122016,302840,67639,244,unsat,35.412118462999956,0.004405156999951032
f0,61,124040,312765,69864,248,unsat,36.283934393000095,0.004352563999987069
f0,62,126064,322850,72125,252,unsat,37.2957885589999,0.004361467999956403
f0,63,128088,333095,74422,256,unsat,38.65194598100004,0.004418874999942091
f0,64,130112,343500,76755,260,unsat,39.43287076499996,0.004217436999965685
f0,65,132136,354065,79124,264,unsat,40.673225525000134,0.004539366000017253
f0,66,134160,364790,81529,268,unsat,41.882779650999964,0.00461425399998916
f0,67,136184,375675,83970,272,unsat,43.207452759000034,0.004961610000009387
f0,68,138208,386720,86447,276,unsat,43.687967753000066,0.004564624000067852
f0,69,140232,397925,88960,280,unsat,44.46525527000017,0.0043191350000597595
f0,70,142256,409290,91509,284,unsat,45.46428081799991,0.004445916000122452
f0,71,144280,420815,94094,288,unsat,47.000651484999935,0.00466834500002733
f0,72,146304,432500,96715,292,unsat,49.044929911000054,0.004599600000119608
f0,73,148328,444345,99372,296,unsat,50.29112502199996,0.004406598000059603
f0,74,150352,456350,102065,300,unsat,51.19130210499998,0.004629045999990922
f0,75,152376,468515,104794,304,unsat,51.98081819899994,0.004656247999946572
f0,76,154400,480840,107559,308,unsat,53.45256267200011,0.004533093999953053
f0,77,156424,493325,110360,312,unsat,54.807334744999935,0.003874928999948679
f0,78,158448,505970,113197,316,unsat,54.895594775999825,0.0038994349999939004
f0,79,160472,518775,116070,320,unsat,56.35476694399995,0.004333209999913379
f0,80,162496,531740,118979,324,unsat,57.50281169100003,0.004561275000014575
f0,81,164520,544865,121924,328,unsat,58.94835310899998,0.0044802620000155
f0,82,166544,558150,124905,332,unsat,60.306890017000114,0.00457522900001095
f0,83,168568,571595,127922,336,unsat,61.875552540999934,0.004457549000107974
f0,84,170592,585200,130975,340,unsat,63.774241932999985,0.004594941000050312
f0,85,172616,598965,134064,344,unsat,65.1807145380003,0.004634417000033864
f0,86,174640,612890,137189,348,unsat,66.0778417900001,0.004691236999860848
f0,87,176664,626975,140350,352,unsat,67.78226238699972,0.004583547000038379
f0,88,178688,641220,143547,356,unsat,68.42917180700033,0.004749616000026435
f0,89,180712,655625,146780,360,unsat,69.52743089999967,0.0045058840000820055
f0,90,182736,670190,150049,364,unsat,70.73721502100034,0.004380163999940123
f0,91,184760,684915,153354,368,unsat,72.09195207199991,0.0046170949999577715
f0,92,186784,699800,156695,372,unsat,73.8964064249999,0.004759944999932486
f0,93,188808,714845,160072,376,unsat,75.27097571900003,0.004645956000331353
f0,94,190832,730050,163485,380,unsat,76.70311154499996,0.004655844999888359
f0,95,192856,745415,166934,384,unsat,78.09277664399997,0.004681309999796213
f0,96,194880,760940,170419,388,unsat,79.3491631009997,0.004488857000069402
f0,97,196904,776625,173940,392,unsat,80.99364480200029,0.004707840000264696
f0,98,198928,792470,177497,396,unsat,82.74514883799975,0.004560749000120268
f0,99,200952,808475,181090,400,unsat,83.96755020199998,0.004796873000032065
f0,100,202976,824640,184719,404,unsat,85.84189099100013,0.004511003000061464
