id,k,ModelConstraintSize,FormulaConstraintSize,TranslationSize,FullSeparation,Result,Generation,Solving
f3,1,1372,6051,1144,41,unsat,0.656023418,0.017390611000000056
f3,2,2225,11536,2498,57,unsat,1.199900086,0.029528836999999974
f3,3,3078,18789,4380,73,unsat,1.898301595,0.04679864800000022
f3,4,3931,27810,6790,89,unsat,2.763085191,0.07438449800000058
f3,5,4784,38599,9728,105,unsat,3.755843595999999,0.10553778700000116
f3,6,5637,51156,13194,121,unsat,4.982524745000001,0.14921017900000066
f3,7,6490,65481,17188,137,unsat,6.278161020000001,0.19389592599999972
f3,8,7343,81574,21710,153,unsat,7.7947851230000005,0.2627603359999995
f3,9,8196,99435,26760,169,unsat,9.477034213000003,0.3851277250000038
f3,10,9049,119064,32338,185,unsat,11.233115038999998,0.417132199000001
f3,11,9902,140461,38444,201,unsat,13.405931349000006,0.5191966489999942
f3,12,10755,163626,45078,217,unsat,15.400982564000003,0.642560876999994
f3,13,11608,188559,52240,233,unsat,17.698847591000003,0.8368189429999973
f3,14,12461,215260,59930,249,unsat,20.239679924,0.9240957470000097
f3,15,13314,243729,68148,265,unsat,22.735383912000003,1.1416686569999968
f3,16,14167,273966,76894,281,unsat,25.528850110999997,1.3296283450000033
f3,17,15020,305971,86168,297,unsat,28.705899142999982,1.5996884609999995
f3,18,15873,339744,95970,313,unsat,31.670500592999986,1.8645602559999759
f3,19,16726,375285,106300,329,unsat,34.92682809600001,2.241420714999947
f3,20,17579,412594,117158,345,unsat,38.35712355499999,2.495755790999965
f3,21,18432,451671,128544,361,unsat,42.021971398000005,2.8854557170000135
f3,22,19285,492516,140458,377,unsat,45.61049570199998,3.2723521699999765
f3,23,20138,535129,152900,393,unsat,49.646968555,3.8626436270000113
f3,24,20991,579510,165870,409,unsat,53.686455541999976,4.2908181010000135
f3,25,21844,625659,179368,425,unsat,58.450875007000036,4.868017688000009
f3,26,22697,673576,193394,441,unsat,62.22201647400004,5.38936137799999
f3,27,23550,723261,207948,457,unsat,66.63408331599999,6.106233155000041
f3,28,24403,774714,223030,473,unsat,71.74766951700008,7.085515831999942
f3,29,25256,827935,238640,489,unsat,76.38883143299995,7.480279590999999
f3,30,26109,882924,254778,505,unsat,81.39668441800006,8.521265814999992
f3,31,26962,939681,271444,521,unsat,86.9165770190001,9.297083739000072
f3,32,27815,998206,288638,537,unsat,91.86904946699997,10.43792619099986
f3,33,28668,1058499,306360,553,unsat,98.23687782500019,11.38254944099981
f3,34,29521,1120560,324610,569,unsat,103.5553148219999,12.672168662000104
f3,35,30374,1184389,343388,585,unsat,109.85953354799994,13.725507901000128
f3,36,31227,1249986,362694,601,unsat,116.15659530599987,15.366750478000085
f3,37,32080,1317351,382528,617,unsat,121.42796843999986,16.496498454999937
f3,38,32933,1386484,402890,633,unsat,127.77607394799998,18.11665306200007
f3,39,33786,1457385,423780,649,unsat,134.39431198999978,20.397009931999946
f3,40,34639,1530054,445198,665,unsat,141.00000085400006,22.540774045000035
f3,41,35492,1604491,467144,681,unsat,147.40827440300018,26.501222897999924
f3,42,36345,1680696,489618,697,unsat,155.45667596199974,32.1526914279998
f3,43,37198,1758669,512620,713,unsat,162.1302703409997,43.75512389000005
f3,44,38051,1838410,536150,729,unsat,169.42388048800012,68.41264460899993
f3,45,38904,1919919,560208,745,unsat,176.99858062799967,76.61182291900013
f3,46,39757,2003196,584794,761,unsat,185.34063829099978,95.26380033499981
f3,47,40610,2088241,609908,777,unsat,195.15250805100004,96.99100490199999
f3,48,41463,2175054,635550,793,unsat,205.34241548700038,109.72214296699985
f3,49,42316,2263635,661720,809,unsat,214.25454887700016,124.01334889600002
f3,50,43169,2353984,688418,825,unsat,222.76751547100048,141.9323803970001
f3,51,44022,2446101,715644,841,unsat,230.30712099999982,144.69903386399983
f3,52,44875,2539986,743398,857,unsat,236.9701990120002,78.03214158500032
f3,53,45728,2635639,771680,873,unsat,240.02790070900028,62.26643086200056
f3,54,46581,2733060,800490,889,unsat,248.9962042999996,70.18536187800055
f3,55,47434,2832249,829828,905,unsat,261.17396007000025,92.8028703050004
f3,56,48287,2933206,859694,921,unsat,273.03402593400006,100.96344132800004
f3,57,49140,3035931,890088,937,unsat,281.8688042499998,117.25917529099934
f3,58,49993,3140424,921010,953,unsat,285.46085176999986,143.33119130199975
f3,59,50846,3246685,952460,969,unsat,308.73160317699967,135.7230464410004
f3,60,51699,3354714,984438,985,unsat,316.2062690510011,138.31213204899905
f3,61,52552,3464511,1016944,1001,unsat,314.68577711000034,135.18599895999978
f3,62,53405,3576076,1049978,1017,unsat,324.17137629399986,211.2780041549995
f3,63,54258,3689409,1083540,1033,unsat,334.20032114600144,209.54762545199992
f3,64,55111,3804510,1117630,1049,unsat,344.17725704799886,268.8385962040011
f3,65,55964,3921379,1152248,1065,unsat,354.39784564100046,292.19243329300116
f3,66,56817,4040016,1187394,1081,unsat,364.53613628699895,264.79198723099944
f3,67,57670,4160421,1223068,1097,unsat,374.9605035610002,316.0543956750007
f3,68,58523,4282594,1259270,1113,unsat,386.92860264200135,281.8164503909993
f3,69,59376,4406535,1296000,1129,unsat,396.7682167010007,298.28676429499865
f3,70,60229,4532244,1333258,1145,unsat,408.54826429900095,353.34202873399954
f3,71,61082,4659721,1371044,1161,unsat,416.90075512099975,277.32977622499857
f3,72,61935,4788966,1409358,1177,unsat,428.2232277809999,291.7482395370007
f3,73,62788,4919979,1448200,1193,unsat,439.2166574729981,307.2042338150022
f3,74,63641,5052760,1487570,1209,unsat,451.91279909100194,425.73380671500126
f3,75,64494,5187309,1527468,1225,unsat,464.034444187997,409.15939534699646
f3,76,65347,5323626,1567894,1241,unsat,476.264987038001,442.21445589200084
f3,77,66200,5461711,1608848,1257,unsat,491.6230778499994,472.77048053199906
f3,78,67053,5601564,1650330,1273,unsat,502.49802233100127,594.184328411
f3,79,67906,5743185,1692340,1289,unsat,513.1859224460022,595.3905164759999
