id,k,ModelConstraintSize,FormulaConstraintSize,TranslationSize,FullSeparation,Result,Generation,Solving
f2,1,1588,6096,1189,43,unsat,0.724097713,0.019823303000000014
f2,2,2549,11654,2616,59,unsat,1.241826154,0.03409843400000012
f2,3,3510,19016,4607,75,unsat,2.032343129,0.05565022999999947
f2,4,4471,28182,7162,91,unsat,2.8580360990000004,0.09114667500000007
f2,5,5432,39152,10281,107,unsat,4.153176296999999,0.12460685699999985
f2,6,6393,51926,13964,123,unsat,5.110336268000001,0.17719898400000034
f2,7,7354,66504,18211,139,unsat,6.518496803999998,0.2234751149999994
f2,8,8315,82886,23022,155,unsat,8.122654153000003,0.29821309799999796
f2,9,9276,101072,28397,171,unsat,9.763355472000004,0.3883808729999956
f2,10,10237,121062,34336,187,unsat,11.646797436,0.46788695299999716
f2,11,11198,142856,40839,203,unsat,13.827383994999998,0.5844329109999933
f2,12,12159,166454,47906,219,unsat,16.117404639,0.7247737619999981
f2,13,13120,191856,55537,235,unsat,18.180318693999993,0.8991422889999967
f2,14,14081,219062,63732,251,unsat,21.016887874999995,1.0598346760000084
f2,15,15042,248072,72491,267,unsat,23.645354382999983,1.272571604999996
f2,16,16003,278886,81814,283,unsat,26.49442235800001,1.4682523120000042
f2,17,16964,311504,91701,299,unsat,29.515554958999985,1.740956288999996
f2,18,17925,345926,102152,315,unsat,32.78168852899998,2.0741578350000225
f2,19,18886,382152,113167,331,unsat,36.23549916000002,2.4747706129999756
f2,20,19847,420182,124746,347,unsat,39.84706592200001,2.7359656090000044
f2,21,20808,460016,136889,363,unsat,43.38697523100001,3.11147219999998
f2,22,21769,501654,149596,379,unsat,47.169143652,3.563005423999982
f2,23,22730,545096,162867,395,unsat,51.353719487000035,4.060199508999972
f2,24,23691,590342,176702,411,unsat,55.77913958300002,4.615384086000063
f2,25,24652,637392,191101,427,unsat,59.92284125700007,5.153563972000029
f2,26,25613,686246,206064,443,unsat,64.41424585499999,6.3204986250000275
f2,27,26574,736904,221591,459,unsat,68.97515123400001,6.867811633999963
f2,28,27535,789366,237682,475,unsat,74.25934510299999,8.557803043999911
f2,29,28496,843632,254337,491,unsat,79.60662076099993,10.986301401999981
f2,30,29457,899702,271556,507,unsat,84.413662789,13.364652294000052
f2,31,30418,957576,289339,523,unsat,89.95294633100002,16.01550999699998
f2,32,31379,1017254,307686,539,unsat,95.17240562799998,20.907134012000142
f2,33,32340,1078736,326597,555,unsat,101.77758884900004,22.88620818200002
f2,34,33301,1142022,346072,571,unsat,107.50023517699992,27.487116618000073
f2,35,34262,1207112,366111,587,unsat,114.070491167,33.072610697999835
f2,36,35223,1274006,386714,603,unsat,119.75849792600002,43.0748266290002
f2,37,36184,1342704,407881,619,unsat,125.3050413599999,46.14431855499993
f2,38,37145,1413206,429612,635,unsat,132.70552865800005,55.08836135299998
f2,39,38106,1485512,451907,651,unsat,139.094142079,62.086322728999676
f2,40,39067,1559622,474766,667,unsat,146.5633731150001,69.22252966099995
f2,41,40028,1635536,498189,683,unsat,153.8183860170002,73.323356246
f2,42,40989,1713254,522176,699,unsat,160.2524260109999,71.45512168200003
f2,43,41950,1792776,546727,715,unsat,166.68328259700002,87.11467086399989
f2,44,42911,1874102,571842,731,unsat,175.49290224900005,96.41323763200035
f2,45,43872,1957232,597521,747,unsat,186.62646199599976,103.3033894109999
f2,46,44833,2042166,623764,763,unsat,193.510699896,117.3995978590001
f2,47,45794,2128904,650571,779,unsat,204.2915328250001,130.9653742800001
f2,48,46755,2217446,677942,795,unsat,211.2796779350001,137.52839218200006
f2,49,47716,2307792,705877,811,unsat,219.71856263799964,152.48896899200008
f2,50,48677,2399942,734376,827,unsat,226.5767756059995,120.71720648299925
f2,51,49638,2493896,763439,843,unsat,227.48644649900052,112.24651522400018
f2,52,50599,2589654,793066,859,unsat,235.45181759099978,111.4588903849999
f2,53,51560,2687216,823257,875,unsat,245.28996581400042,127.99357107000014
f2,54,52521,2786582,854012,891,unsat,257.41319753800053,116.52534210999966
f2,55,53482,2887752,885331,907,unsat,264.58357104599963,126.05737693300034
f2,56,54443,2990726,917214,923,unsat,277.18901720300073,128.1476184410003
f2,57,55404,3095504,949661,939,unsat,282.07084153399956,140.0653362260009
f2,58,56365,3202086,982672,955,unsat,291.53602619699996,146.58604833000027
f2,59,57326,3310472,1016247,971,unsat,299.8318231209996,182.12027935200058
f2,60,58287,3420662,1050386,987,unsat,314.4033004869998,239.69711743799962
f2,61,59248,3532656,1085089,1003,unsat,323.47227616800046,210.30243152700132
f2,62,60209,3646454,1120356,1019,unsat,332.83737798199945,266.8745447300007
f2,63,61170,3762056,1156187,1035,unsat,343.13671162799983,254.11140216200147
f2,64,62131,3879462,1192582,1051,unsat,353.0531038850004,237.93791875899842
f2,65,63092,3998672,1229541,1067,unsat,365.59140609800124,249.05084961800094
f2,66,64053,4119686,1267064,1083,unsat,376.544544032,288.7836012220014
f2,67,65014,4242504,1305151,1099,unsat,397.27269889999843,247.75266253399968
f2,68,65975,4367126,1343802,1115,unsat,409.3213015349993,213.70270768999944
f2,69,66936,4493552,1383017,1131,unsat,420.6198844669998,231.82364775899987
f2,70,67897,4621782,1422796,1147,unsat,431.25167496299946,321.8303147489987
f2,71,68858,4751816,1463139,1163,unsat,445.12054093700135,331.20011359699856
f2,72,69819,4883654,1504046,1179,unsat,455.77923234099944,298.029837596001
f2,73,70780,5017296,1545517,1195,unsat,467.1079909279979,313.195613832002
f2,74,71741,5152742,1587552,1211,unsat,480.9721433609993,353.7399855279982
f2,75,72702,5289992,1630151,1227,unsat,494.05681501800063,541.2473155539992
f2,76,73663,5429046,1673314,1243,unsat,504.2774436940017,440.9953746559986
f2,77,74624,5569904,1717041,1259,unsat,519.9567090950004,474.9209794119997
