id,k,ModelConstraintSize,FormulaConstraintSize,TranslationSize,FullSeparation,Result,Generation,Solving
f1,1,1004,6054,1147,42,unsat,0.680236952,0.019067131000000015
f1,2,1673,11541,2503,58,unsat,1.1751955200000002,0.032414071999999905
f1,3,2342,18796,4387,74,unsat,1.9046947269999999,0.0579384110000003
f1,4,3011,27819,6799,90,unsat,2.695282981,0.08629455200000002
f1,5,3680,38610,9739,106,unsat,3.7423782700000006,0.1249711290000004
f1,6,4349,51169,13207,122,unsat,4.938022252,0.23022667900000116
f1,7,5018,65496,17203,138,unsat,6.297445420000001,0.22613493800000128
f1,8,5687,81591,21727,154,unsat,7.813339715999998,0.29595291799999757
f1,9,6356,99454,26779,170,unsat,9.488775,0.3830082850000025
f1,10,7025,119085,32359,186,unsat,11.244757471999996,0.46671732000000077
f1,11,7694,140484,38467,202,unsat,13.349591034999996,0.5720734089999979
f1,12,8363,163651,45103,218,unsat,15.503801613999997,0.7194147380000118
f1,13,9032,188586,52267,234,unsat,17.709358660999996,0.893104785999995
f1,14,9701,215289,59959,250,unsat,20.19269693199999,1.0403319859999982
f1,15,10370,243760,68179,266,unsat,23.06173103900001,1.230588580000017
f1,16,11039,273999,76927,282,unsat,25.651554513000008,1.4748706099999822
f1,17,11708,306006,86203,298,unsat,28.901520608999988,1.7398048240000037
f1,18,12377,339781,96007,314,unsat,31.84859859400001,2.0268728140000007
f1,19,13046,375324,106339,330,unsat,35.255411323000004,2.3982237040000314
f1,20,13715,412635,117199,346,unsat,38.77269068300001,2.8354444369999783
f1,21,14384,451714,128587,362,unsat,42.441238889999966,3.1012998740000057
f1,22,15053,492561,140503,378,unsat,46.06456397599999,3.4562270399999875
f1,23,15722,535176,152947,394,unsat,50.147425114999976,3.942303151000033
f1,24,16391,579559,165919,410,unsat,54.076445422000006,4.484304640999994
f1,25,17060,625710,179419,426,unsat,58.834232907,5.189636182999948
f1,26,17729,673629,193447,442,unsat,63.42752730300003,5.730718548000027
f1,27,18398,723316,208003,458,unsat,67.551035577,6.699441041
f1,28,19067,774771,223087,474,unsat,72.25932536799996,8.409412944999985
f1,29,19736,827994,238699,490,unsat,77.50088809199997,12.723353693000035
f1,30,20405,882985,254839,506,unsat,82.41806803700001,15.675412971000014
f1,31,21074,939744,271507,522,unsat,87.723400717,18.163654535999967
f1,32,21743,998271,288703,538,unsat,94.37485448400002,21.34991191799986
f1,33,22412,1058566,306427,554,unsat,99.22390935299995,27.761802679000084
f1,34,23081,1120629,324679,570,unsat,105.91279272800011,32.25327932699997
f1,35,23750,1184460,343459,586,unsat,111.87774813700003,38.41552743700004
f1,36,24419,1250059,362767,602,unsat,117.18644007199987,45.94916230500007
f1,37,25088,1317426,382603,618,unsat,122.41950315299982,50.367437194000104
f1,38,25757,1386561,402967,634,unsat,129.47506645900012,59.61391496299984
f1,39,26426,1457464,423859,650,unsat,136.72820808999995,65.82348638700023
f1,40,27095,1530135,445279,666,unsat,143.64828065600022,69.2488613710002
f1,41,27764,1604574,467227,682,unsat,150.35835491699982,75.79637238299983
f1,42,28433,1680781,489703,698,unsat,157.7028316359997,73.99818933200004
f1,43,29102,1758756,512707,714,unsat,164.52830716699964,90.31039178800029
f1,44,29771,1838499,536239,730,unsat,172.54355831400017,97.51800981999986
f1,45,30440,1920010,560299,746,unsat,184.5392029290001,105.4070493309996
f1,46,31109,2003289,584887,762,unsat,193.18077727900027,117.0664554809996
f1,47,31778,2088336,610003,778,unsat,200.6152359480002,130.70911079899997
f1,48,32447,2175151,635647,794,unsat,208.97688216999995,139.73003576500014
f1,49,33116,2263734,661819,810,unsat,215.56768314500005,155.04908912800056
f1,50,33785,2354085,688519,826,unsat,223.4758489879996,133.2096089200004
f1,51,34454,2446204,715747,842,unsat,225.4934047199995,114.33034630800012
f1,52,35123,2540091,743503,858,unsat,233.80494819199976,107.53298954100046
f1,53,35792,2635746,771787,874,unsat,240.88880829799928,127.12642506500015
f1,54,36461,2733169,800599,890,unsat,252.73016607800037,115.14713586400012
f1,55,37130,2832360,829939,906,unsat,260.49951011600024,125.30380115600019
f1,56,37799,2933319,859807,922,unsat,272.69612431899986,124.96956109500024
f1,57,38468,3036046,890203,938,unsat,278.5671476870002,140.0286777600004
f1,58,39137,3140541,921127,954,unsat,286.17350729699956,147.96239623300062
f1,59,39806,3246804,952579,970,unsat,296.8198262570004,184.93840252700102
f1,60,40475,3354835,984559,986,unsat,306.6093537900015,255.59726587000114
f1,61,41144,3464634,1017067,1002,unsat,318.87707696600046,176.47289554499912
f1,62,41813,3576201,1050103,1018,unsat,323.0417713280003,183.6137855119996
f1,63,42482,3689536,1083667,1034,unsat,334.3178418910011,194.77593577199877
f1,64,43151,3804639,1117759,1050,unsat,343.9721760529992,193.78327489000003
f1,65,43820,3921510,1152379,1066,unsat,352.9780321370017,221.57784679500037
f1,66,44489,4040149,1187527,1082,unsat,363.30333698899994,214.3858663659994
f1,67,45158,4160556,1223203,1098,unsat,372.1668855809985,251.7139556050006
f1,68,45827,4282731,1259407,1114,unsat,385.2946505869986,256.5167636019996
f1,69,46496,4406674,1296139,1130,unsat,393.98262529800013,339.06459661499866
f1,70,47165,4532385,1333399,1146,unsat,405.00372034999964,305.79267292999975
f1,71,47834,4659864,1371187,1162,unsat,416.1818333610008,315.8185842799994
f1,72,48503,4789111,1409503,1178,unsat,428.538925249999,354.2435804630004
f1,73,49172,4920126,1448347,1194,unsat,440.7375636280012,392.16385567399993
f1,74,49841,5052909,1487719,1210,unsat,452.86020240400103,419.49432882399924
f1,75,50510,5187460,1527619,1226,unsat,462.9426946450003,495.7099791159999
f1,76,51179,5323779,1568047,1242,unsat,476.47068165699966,555.6145885599981
f1,77,51848,5461866,1609003,1258,unsat,490.0901258039994,574.7141722519991
f1,78,52517,5601721,1650487,1274,unsat,501.0907789470002,580.9170769439988
