id,k,ModelConstraintSize,FormulaConstraintSize,TranslationSize,FullSeparation,Result,Generation,Solving
f0,1,1012,312,69,8,unsat,0.184473098,0.006817883999999996
f0,2,1685,656,160,12,unsat,0.20252886700000003,0.015233104999999969
f0,3,2358,1120,287,16,unsat,0.3375243,0.009461330000000046
f0,4,3031,1704,450,20,unsat,0.40465602300000003,0.011010965999999955
f0,5,3704,2408,649,24,unsat,0.5109939159999999,0.012168895999999929
f0,6,4377,3232,884,28,unsat,0.7519563429999998,0.01687733300000005
f0,7,5050,4176,1155,32,unsat,0.8034580789999999,0.01804035900000045
f0,8,5723,5240,1462,36,unsat,0.919247307,0.020128030999999602
f0,9,6396,6424,1805,40,unsat,1.080536199,0.023387056999999878
f0,10,7069,7728,2184,44,unsat,1.245401997,0.027929316999999898
f0,11,7742,9152,2599,48,unsat,1.462816452000001,0.03245959500000062
f0,12,8415,10696,3050,52,unsat,1.7008479469999997,0.037072881999998586
f0,13,9088,12360,3537,56,unsat,1.8573249589999996,0.041988080000001204
f0,14,9761,14144,4060,60,unsat,2.0990575000000007,0.04776363700000097
f0,15,10434,16048,4619,64,unsat,2.2698191989999987,0.056336992000002084
f0,16,11107,18072,5214,68,unsat,2.529208860999997,0.06157478800000149
f0,17,11780,20216,5845,72,unsat,2.7408723639999977,0.069994003999998
f0,18,12453,22480,6512,76,unsat,2.986276628999999,0.07811758000000069
f0,19,13126,24864,7215,80,unsat,3.2581458460000015,0.09671420100000105
f0,20,13799,27368,7954,84,unsat,3.5306063709999975,0.09404211400000051
f0,21,14472,29992,8729,88,unsat,3.844878850000004,0.10352548999999556
f0,22,15145,32736,9540,92,unsat,4.1641923759999955,0.12173826499999763
f0,23,15818,35600,10387,96,unsat,4.420914600000003,0.13197562700000276
f0,24,16491,38584,11270,100,unsat,4.74077535,0.14266633799999795
f0,25,17164,41688,12189,104,unsat,5.071114721000001,0.1498901530000012
f0,26,17837,44912,13144,108,unsat,5.403587613000006,0.1641646449999996
f0,27,18510,48256,14135,112,unsat,5.756969831000006,0.17976658499999587
f0,28,19183,51720,15162,116,unsat,6.188861078000002,0.19158331600000622
f0,29,19856,55304,16225,120,unsat,6.540979621999995,0.2108498519999955
f0,30,20529,59008,17324,124,unsat,6.878955966000007,0.22875286800000083
f0,31,21202,62832,18459,128,unsat,7.23924113999999,0.24275738199999353
f0,32,21875,66776,19630,132,unsat,7.667941201999994,0.2572122039999982
f0,33,22548,70840,20837,136,unsat,8.160605451999999,0.2902152799999982
f0,34,23221,75024,22080,140,unsat,8.555126696000002,0.2684706070000118
f0,35,23894,79328,23359,144,unsat,9.048547324999987,0.3148271299999976
f0,36,24567,83752,24674,148,unsat,9.388546872000006,0.3450593949999927
f0,37,25240,88296,26025,152,unsat,9.911270376000004,0.3614450600000225
f0,38,25913,92960,27412,156,unsat,10.337560007999997,0.3831554669999946
f0,39,26586,97744,28835,160,unsat,10.924195260000005,0.4184456209999894
f0,40,27259,102648,30294,164,unsat,11.311959554999987,0.44327736500000015
f0,41,27932,107672,31789,168,unsat,11.980341255000013,0.4743356489999826
f0,42,28605,112816,33320,172,unsat,12.26354132199998,0.5097659710000073
f0,43,29278,118080,34887,176,unsat,12.814396152,0.5365835919999995
f0,44,29951,123464,36490,180,unsat,13.432352319000017,0.57207589799998
f0,45,30624,128968,38129,184,unsat,14.083337381999996,0.6027427399999965
f0,46,31297,134592,39804,188,unsat,14.436885473000018,0.6409676279999985
f0,47,31970,140336,41515,192,unsat,15.096371536999982,0.6707564260000254
f0,48,32643,146200,43262,196,unsat,15.765299342999981,0.7318662989999893
f0,49,33316,152184,45045,200,unsat,16.23338284099998,0.7575344009999867
f0,50,33989,158288,46864,204,unsat,16.935147035,0.8011000849999732
f0,51,34662,164512,48719,208,unsat,17.41404016499996,0.8649667169999589
f0,52,35335,170856,50610,212,unsat,18.033122108999976,0.9163852919999727
f0,53,36008,177320,52537,216,unsat,18.663360244000046,0.9347147820000146
f0,54,36681,183904,54500,220,unsat,19.37794394499997,0.9799153559999922
f0,55,37354,190608,56499,224,unsat,20.086129954,1.0507148479999842
f0,56,38027,197432,58534,228,unsat,20.630896756000027,1.0988422679999985
f0,57,38700,204376,60605,232,unsat,21.38994125100004,1.138478833000022
f0,58,39373,211440,62712,236,unsat,22.05830684,1.1723556970000004
f0,59,40046,218624,64855,240,unsat,23.030530482000074,1.262064844000065
f0,60,40719,225928,67034,244,unsat,23.46129406099999,1.3885109900000998
f0,61,41392,233352,69249,248,unsat,24.404170969999996,1.4235528069999646
f0,62,42065,240896,71500,252,unsat,24.9330600159999,1.511966677999908
f0,63,42738,248560,73787,256,unsat,26.062405394999928,1.5441364619999831
f0,64,43411,256344,76110,260,unsat,26.598628027000018,1.6052662490000102
f0,65,44084,264248,78469,264,unsat,27.155542230000037,1.6616368559999728
f0,66,44757,272272,80864,268,unsat,28.36925277199998,1.7244293539999944
f0,67,45430,280416,83295,272,unsat,28.693208899999945,1.844020404000048
f0,68,46103,288680,85762,276,unsat,29.674795313000004,1.8564767549999033
f0,69,46776,297064,88265,280,unsat,30.41086984100002,2.03452108700003
f0,70,47449,305568,90804,284,unsat,31.116424748999975,2.0410413890000427
f0,71,48122,314192,93379,288,unsat,31.99280932299996,2.1338110270000925
f0,72,48795,322936,95990,292,unsat,32.88819628099998,2.2151886090000517
f0,73,49468,331800,98637,296,unsat,33.659965520000014,2.340789727000015
f0,74,50141,340784,101320,300,unsat,34.71882387200003,2.43715652100002
f0,75,50814,349888,104039,304,unsat,35.723614569000006,2.5249453440000025
f0,76,51487,359112,106794,308,unsat,36.24164628900007,2.6119790230000035
f0,77,52160,368456,109585,312,unsat,37.222628619000034,2.7275970739999593
f0,78,52833,377920,112412,316,unsat,38.16622405600015,2.8846760809999523
f0,79,53506,387504,115275,320,unsat,39.318303771000046,2.957403405999912
f0,80,54179,397208,118174,324,unsat,39.9854378,3.0682970699999714
f0,81,54852,407032,121109,328,unsat,41.158756508000124,3.1868030099999487
f0,82,55525,416976,124080,332,unsat,41.92752314400013,3.341090955000027
f0,83,56198,427040,127087,336,unsat,43.12532018700017,3.422663328999988
f0,84,56871,437224,130130,340,unsat,43.88711729900001,3.5722053069998765
f0,85,57544,447528,133209,344,unsat,45.31364683800007,3.727946716000133
f0,86,58217,457952,136324,348,unsat,46.16695828799993,3.826366375000134
f0,87,58890,468496,139475,352,unsat,47.292920817000095,3.9224410570000146
f0,88,59563,479160,142662,356,unsat,48.02788402199985,4.112351720000106
f0,89,60236,489944,145885,360,unsat,49.20804053100005,4.239835395
f0,90,60909,500848,149144,364,unsat,50.0992084290001,4.391542862000051
f0,91,61582,511872,152439,368,unsat,50.900620409999874,4.525004850999949
f0,92,62255,523016,155770,372,unsat,52.482431722,4.712131017000047
f0,93,62928,534280,159137,376,unsat,53.284368189999896,4.836545059999935
f0,94,63601,545664,162540,380,unsat,54.480753138999944,4.946015363000015
f0,95,64274,557168,165979,384,unsat,55.099052523999944,5.18214408699987
f0,96,64947,568792,169454,388,unsat,56.480230625999866,5.365774838000107
f0,97,65620,580536,172965,392,unsat,57.486631836000015,5.549465541000245
f0,98,66293,592400,176512,396,unsat,58.792963151000095,5.599238178000178
f0,99,66966,604384,180095,400,unsat,59.99466170100004,5.95709273500006
f0,100,67639,616488,183714,404,unsat,61.154906739000126,5.878737250000086
