k,ModelConstraintSize,Result,Generation,Solving
1,1126,sat,0.141570249,0.005587958999999976
2,1889,sat,0.21366015,0.010304928999999963
3,2652,sat,0.392725714,0.009561487000000035
4,3415,sat,0.38418936000000015,0.018788570000000115
5,4178,sat,0.5293885600000001,0.026663557000000004
6,4941,sat,0.5761534940000002,0.04456730199999992
7,5704,sat,0.8178617999999998,0.13794114400000002
8,6467,sat,0.9113444370000003,0.22787114399999986
9,7230,sat,4.665247485,3.989336048
10,7993,sat,5.428608185,4.868261932999999
11,8756,sat,1905.873575386,1892.581629973
12,9519,sat,3819.8365578959997,1726.2858147719999
