id,k,ModelConstraintSize,FormulaConstraintSize,TranslationSize,FullSeparation,Result,Generation,Solving
f0,1,1495,312,69,8,unsat,0.23019104,0.012176659000000006
f0,2,2446,656,160,12,unsat,0.2590826110000001,0.021811000000000025
f0,3,3397,1120,287,16,unsat,0.379438725,0.06023473800000001
f0,4,4348,1704,450,20,unsat,0.507227546,0.09822697100000011
f0,5,5299,2408,649,24,unsat,0.676788428,0.6253555290000001
f0,6,6250,3232,884,28,unsat,0.7974646949999995,11.383628834
f0,7,7201,4176,1155,32,unsat,0.9585705229999988,10.350591500999997
f0,8,8152,5240,1462,36,unsat,1.1234188019999998,9.501792017000003
f0,9,9103,6424,1805,40,unsat,1.3100836870000023,11.196694199
f0,10,10054,7728,2184,44,unsat,1.5036324029999975,9.01291492
f0,11,11005,9152,2599,48,unsat,1.7791690769999988,9.734996240999997
f0,12,11956,10696,3050,52,unsat,1.9377999189999997,10.045673442000009
f0,13,12907,12360,3537,56,unsat,2.1476911780000023,10.082249998999998
f0,14,13858,14144,4060,60,unsat,2.379853294,11.254715383000004
f0,15,14809,16048,4619,64,unsat,2.628315452999999,11.067927304000008
f0,16,15760,18072,5214,68,unsat,2.940917263000003,11.634092557999992
f0,17,16711,20216,5845,72,unsat,3.2071031159999848,9.785379804999991
f0,18,17662,22480,6512,76,unsat,3.4305040369999915,11.200702008999997
f0,19,18613,24864,7215,80,unsat,3.7935720100000196,9.828214814999995
f0,20,19564,27368,7954,84,unsat,4.023571117000017,9.162228341999992
f0,21,20515,29992,8729,88,unsat,4.439786276000007,10.452526903999996
f0,22,21466,32736,9540,92,unsat,4.654383545000002,10.366612479999986
f0,23,22417,35600,10387,96,unsat,4.9897329199999945,11.770583589000012
f0,24,23368,38584,11270,100,unsat,5.358407147999998,10.681568117000012
f0,25,24319,41688,12189,104,unsat,5.70868280000002,10.01889072900002
f0,26,25270,44912,13144,108,unsat,6.049311791999969,10.986357843999997
f0,27,26221,48256,14135,112,unsat,6.4462476379999885,9.875359263000007
f0,28,27172,51720,15162,116,unsat,6.871951575999958,11.296021381000003
f0,29,28123,55304,16225,120,unsat,7.291014226999948,11.451368110000033
f0,30,29074,59008,17324,124,unsat,7.635787826000012,9.413553208999986
f0,31,30025,62832,18459,128,unsat,8.004334949999986,12.721311834999995
f0,32,30976,66776,19630,132,unsat,8.509660166000003,10.443794486000002
f0,33,31927,70840,20837,136,unsat,8.936941432000026,11.200926720999973
f0,34,32878,75024,22080,140,unsat,9.376757458999975,12.58632116199999
f0,35,33829,79328,23359,144,unsat,9.775603961999991,12.809298724999962
f0,36,34780,83752,24674,148,unsat,10.334349155999973,13.39907569899998
f0,37,35731,88296,26025,152,unsat,10.887313546999962,11.994633749999991
f0,38,36682,92960,27412,156,unsat,11.342873087999976,13.003609701000073
f0,39,37633,97744,28835,160,unsat,11.807461975000024,10.585427978999974
f0,40,38584,102648,30294,164,unsat,12.363381362000041,14.039342845999954
f0,41,39535,107672,31789,168,unsat,12.804225756999926,10.943230200000016
f0,42,40486,112816,33320,172,unsat,13.410779505999926,13.97907434800004
