id,k,ModelConstraintSize,FormulaConstraintSize,TranslationSize,FullSeparation,Result,Generation,Solving
f1,1,1423,6054,1147,42,unsat,0.7072257890000001,10.572111550999999
f1,2,2338,11541,2503,58,unsat,1.2061663070000002,12.482063831
f1,3,3253,18796,4387,74,unsat,1.8838066819999995,11.145486581
f1,4,4168,27819,6799,90,unsat,2.795174207999999,11.154041348000007
f1,5,5083,38610,9739,106,unsat,3.758989358000001,11.318713108000004
f1,6,5998,51169,13207,122,unsat,5.024047527000008,12.438550211000006
f1,7,6913,65496,17203,138,unsat,6.403458403999991,11.794110138000008
f1,8,7828,81591,21727,154,unsat,7.793388897,12.394658307
f1,9,8743,99454,26779,170,unsat,9.556792592000008,11.967802014
f1,10,9658,119085,32359,186,unsat,11.419115608999988,11.419017526999994
f1,11,10573,140484,38467,202,unsat,13.424120505000019,11.584819987999992
f1,12,11488,163651,45103,218,unsat,15.609712059999993,12.311034500000005
f1,13,12403,188586,52267,234,unsat,17.771836076,11.771625879999988
f1,14,13318,215289,59959,250,unsat,20.252049973999988,12.578585382999961
f1,15,14233,243760,68179,266,unsat,22.819281938000017,13.045138006000002
f1,16,15148,273999,76927,282,unsat,25.74497392500001,12.849937286
f1,17,16063,306006,86203,298,unsat,28.608217311999965,12.809273157000007
f1,18,16978,339781,96007,314,unsat,31.883341977999976,12.663503299000013
f1,19,17893,375324,106339,330,unsat,35.07763243900001,13.020378635000043
f1,20,18808,412635,117199,346,unsat,38.610799982999936,13.598784393000074
f1,21,19723,451714,128587,362,unsat,42.1369801809999,13.51274019799996
f1,22,20638,492561,140503,378,unsat,45.6996441980001,14.851763027999937
f1,23,21553,535176,152947,394,unsat,49.81120059099999,15.777581906000023
f1,24,22468,579559,165919,410,unsat,53.73531389700008,14.78488758100002
f1,25,23383,625710,179419,426,unsat,58.27388725500009,16.272914849000017
f1,26,24298,673629,193447,442,unsat,62.58907642999998,15.812144344999979
f1,27,25213,723316,208003,458,unsat,67.03534136999997,17.739183626
f1,28,26128,774771,223087,474,unsat,71.89174067800013,17.0936120450001
