id,k,ModelConstraintSize,FormulaConstraintSize,TranslationSize,FullSeparation,Result,Generation,Solving
f1,1,2470,6051,1144,41,unsat,0.753748955,0.005931462000000054
f1,2,4237,11536,2498,57,unsat,1.3326816679999998,0.006648037000000162
f1,3,6004,18789,4380,73,unsat,2.074958306,0.00830085700000005
f1,4,7771,27810,6790,89,unsat,3.028808184,0.010870049000000215
f1,5,9538,38599,9728,105,unsat,4.0677966240000005,0.012926346000000422
f1,6,11305,51156,13194,121,unsat,5.311252033000001,0.015991033999998905
f1,7,13072,65481,17188,137,unsat,6.834379285000001,0.020396681000001138
f1,8,14839,81574,21710,153,unsat,8.355973706,0.02513010300000218
f1,9,16606,99435,26760,169,unsat,10.078078329,0.029235092000000407
f1,10,18373,119064,32338,185,unsat,12.007636188,0.03575833800000083
f1,11,20140,140461,38444,201,unsat,14.112454298999992,0.03879607300000032
f1,12,21907,163626,45078,217,unsat,16.28901316999999,0.043832109000007335
f1,13,23674,188559,52240,233,unsat,18.651293710000004,0.06162696399999845
f1,14,25441,215260,59930,249,unsat,21.201676307,0.06954490799999746
f1,15,27208,243729,68148,265,unsat,23.88657972700001,0.0817474460000085
f1,16,28975,273966,76894,281,unsat,26.73017017799998,0.0737640440000007
f1,17,30742,305971,86168,297,unsat,29.686787675999994,0.08163404499998705
f1,18,32509,339744,95970,313,unsat,32.97563658600001,0.09542436300000645
f1,19,34276,375285,106300,329,unsat,36.39889918999998,0.12219498600001089
f1,20,36043,412594,117158,345,unsat,39.594667044000005,0.11613043300002346
f1,21,37810,451671,128544,361,unsat,43.03298953299998,0.1391292529999646
f1,22,39577,492516,140458,377,unsat,47.16608500299998,0.1435335000000464
f1,23,41344,535129,152900,393,unsat,50.81480769799998,0.20272438000000648
f1,24,43111,579510,165870,409,unsat,53.88073854000004,0.1890605639999876
f1,25,44878,625659,179368,425,unsat,58.77611837200004,0.19654156599995076
f1,26,46645,673576,193394,441,unsat,62.61239000900002,0.19330036399992423
f1,27,48412,723261,207948,457,unsat,66.72696481100002,0.2111019279999482
f1,28,50179,774714,223030,473,unsat,71.88519919600003,0.24976717300000928
f1,29,51946,827935,238640,489,unsat,77.05695728499995,0.3098180260000163
f1,30,53713,882924,254778,505,unsat,83.10826271000008,0.44436231400004544
f1,31,55480,939681,271444,521,unsat,90.102557606,0.29848246199992445
f1,32,57247,998206,288638,537,unsat,94.28057143499996,0.31654256100000566
f1,33,59014,1058499,306360,553,unsat,99.02198026600013,0.44699283499994635
f1,34,60781,1120560,324610,569,unsat,103.19282941200004,0.43344520900018324
f1,35,62548,1184389,343388,585,unsat,108.899668841,0.4002773449999495
f1,36,64315,1249986,362694,601,unsat,114.79930057399997,0.4545195129999229
f1,37,66082,1317351,382528,617,unsat,120.55026184100007,0.47513324500005183
f1,38,67849,1386484,402890,633,unsat,126.92421830599983,0.5520855300001131
f1,39,69616,1457385,423780,649,unsat,133.3599188159999,0.5970055029999912
f1,40,71383,1530054,445198,665,unsat,139.9504323660001,0.607679291000295
f1,41,73150,1604491,467144,681,unsat,147.4375218780001,0.6769828030001008
f1,42,74917,1680696,489618,697,unsat,154.27809368499993,0.617115935000129
f1,43,76684,1758669,512620,713,unsat,161.46787268299977,0.7043638000000101
f1,44,78451,1838410,536150,729,unsat,168.52764413100022,0.7954261200002293
f1,45,80218,1919919,560208,745,unsat,181.0795370339997,0.7733724800000346
f1,46,81985,2003196,584794,761,unsat,184.4836456779999,0.7517716530001053
f1,47,83752,2088241,609908,777,unsat,191.78836339100008,0.929491988999871
f1,48,85519,2175054,635550,793,unsat,197.5373799199997,0.838925535999806
f1,49,87286,2263635,661720,809,unsat,205.72741107000002,0.841630140000234
f1,50,89053,2353984,688418,825,unsat,213.23156286699987,0.8994605469997623
