id,k,ModelConstraintSize,FormulaConstraintSize,TranslationSize,FullSeparation,Result,Generation,Solving
f2,1,3502,5092,1186,46,unsat,0.78019042,0.005272928999999982
f2,2,5785,9080,2664,65,unsat,1.268696389,0.005936015000000072
f2,3,8068,14252,4706,84,unsat,1.905333889,0.0071696169999997394
f2,4,10351,20608,7312,103,unsat,2.667010284,0.008785920000000225
f2,5,12634,28148,10482,122,unsat,3.508504244000001,0.011379915999999213
f2,6,14917,36872,14216,141,unsat,4.472769646,0.012462659000000542
f2,7,17200,46780,18514,160,unsat,5.633509076000001,0.014762659000002287
f2,8,19483,57872,23376,179,unsat,6.877750971000001,0.018525302000000465
f2,9,21766,70148,28802,198,unsat,8.213837359,0.021082026999998504
f2,10,24049,83608,34792,217,unsat,9.706608905000003,0.02504220899999865
f2,11,26332,98252,41346,236,unsat,11.214517370000003,0.027054780999996808
f2,12,28615,114080,48464,255,unsat,12.943985227000006,0.033469854999992776
f2,13,30898,131092,56146,274,unsat,14.710257657,0.03662154799999939
f2,14,33181,149288,64392,293,unsat,16.60182180599999,0.04659873100000311
f2,15,35464,168668,73202,312,unsat,18.653458661000002,0.05344171199999437
f2,16,37747,189232,82576,331,unsat,20.80073405399999,0.06511025500000756
f2,17,40030,210980,92514,350,unsat,23.073792619000017,0.05420087500002069
f2,18,42313,233912,103016,369,unsat,25.331617388000012,0.061936721999984456
f2,19,44596,258028,114082,388,unsat,27.983018144,0.06328106600000183
f2,20,46879,283328,125712,407,unsat,30.381796586000007,0.07077356700000337
f2,21,49162,309812,137906,426,unsat,33.12643185600001,0.09133030300000655
f2,22,51445,337480,150664,445,unsat,35.82826804000001,0.10254917299999988
f2,23,53728,366332,163986,464,unsat,38.827978024000004,0.09706218500002706
f2,24,56011,396368,177872,483,unsat,41.22126498,0.10038109600003509
f2,25,58294,427588,192322,502,unsat,44.053127974000006,0.11812054399996441
f2,26,60577,459992,207336,521,unsat,47.12481591599999,0.1481454859999758
f2,27,62860,493580,222914,540,unsat,52.37397920699999,0.2510880360000556
f2,28,65143,528352,239056,559,unsat,56.261369951000006,0.16322464500001388
f2,29,67426,564308,255762,578,unsat,58.725023322000084,0.16165206200003013
f2,30,69709,601448,273032,597,unsat,62.14130707200002,0.16959879199998795
f2,31,71992,639772,290866,616,unsat,66.00493040699996,0.2096437299999252
f2,32,74275,679280,309264,635,unsat,69.76701533999994,0.21424001499997303
f2,33,76558,719972,328226,654,unsat,73.28050731099995,0.25697858000000906
f2,34,78841,761848,347752,673,unsat,76.67354835399999,0.25885302999995474
f2,35,81124,804908,367842,692,unsat,81.46320469599993,0.2258369930000299
f2,36,83407,849152,388496,711,unsat,85.17166801000008,0.29466241999989506
f2,37,85690,894580,409714,730,unsat,90.287113976,0.32156248499995854
f2,38,87973,941192,431496,749,unsat,94.30594840699996,0.3620733510001628
f2,39,90256,988988,453842,768,unsat,98.96421035599997,0.3315907789999528
f2,40,92539,1037968,476752,787,unsat,103.44652060299995,0.44961139399993044
f2,41,94822,1088132,500226,806,unsat,108.26612917199986,0.35215020900000127
f2,42,97105,1139480,524264,825,unsat,113.043605888,0.425284973999851
f2,43,99388,1192012,548866,844,unsat,118.79688757600002,0.36915291900004377
f2,44,101671,1245728,574032,863,unsat,123.87162542700003,0.4498326420000467
f2,45,103954,1300628,599762,882,unsat,129.24167025300017,0.4741366839998591
f2,46,106237,1356712,626056,901,unsat,134.83762426299973,0.49719500399987737
f2,47,108520,1413980,652914,920,unsat,139.96445377500004,0.5056286660001206
f2,48,110803,1472432,680336,939,unsat,145.82483583299972,0.5097407809998913
f2,49,113086,1532068,708322,958,unsat,152.04903878100004,0.5980869290001465
f2,50,115369,1592888,736872,977,unsat,160.45187876599994,0.5790557540003647
