id,k,ModelConstraintSize,FormulaConstraintSize,TranslationSize,FullSeparation,Result,Generation,Solving
f1,1,2626,6051,1144,41,unsat,0.769020139,0.016088749999999985
f1,2,4429,11536,2498,57,unsat,1.3492670589999998,0.030154125000000143
f1,3,6232,18789,4380,73,unsat,2.1012945880000005,0.042701770999999944
f1,4,8035,27810,6790,89,unsat,3.0408936869999996,0.075293587
f1,5,9838,38599,9728,105,unsat,4.098431986000001,0.09683688400000001
f1,6,11641,51156,13194,121,unsat,5.3657251110000015,0.1341436139999992
f1,7,13444,65481,17188,137,unsat,6.805229315000002,0.19803144399999795
f1,8,15247,81574,21710,153,unsat,8.447144065999996,0.2775744519999961
f1,9,17050,99435,26760,169,unsat,10.070173179999998,0.4139503359999992
f1,10,18853,119064,32338,185,unsat,12.047158070000002,0.5400866210000004
f1,11,20656,140461,38444,201,unsat,14.127653817999992,0.6751894890000045
f1,12,22459,163626,45078,217,unsat,16.204103622999995,0.7710934969999954
f1,13,24262,188559,52240,233,unsat,18.69218603099999,102.30831299799999
f1,14,26065,215260,59930,249,unsat,21.13847043300001,2.6131388680000214
f1,15,27868,243729,68148,265,unsat,23.887150504999994,1.397083858999963
f1,16,29671,273966,76894,281,unsat,26.763285789000008,2.02252735899998
f1,17,31474,305971,86168,297,unsat,29.656457162000038,5.560214099000007
f1,18,33277,339744,95970,313,unsat,33.01224835300002,3.0039176779999934
f1,19,35080,375285,106300,329,unsat,36.456403764000015,6.183177642000032
f1,20,36883,412594,117158,345,unsat,39.83135737499998,3.96903375200003
f1,21,38686,451671,128544,361,unsat,43.421804527999996,4.44659479500001
f1,22,40489,492516,140458,377,unsat,47.25012902699996,10420.723945163001
f1,23,42292,535129,152900,393,unsat,51.34716061099971,5.0520017569997435
f1,24,44095,579510,165870,409,unsat,56.34771732599984,6.018437082000673
f1,25,45898,625659,179368,425,unsat,59.40498298200146,12.967369556999984
f1,26,47701,673576,193394,441,unsat,65.51629985100044,11149.190540925001
f1,27,49504,723261,207948,457,unsat,68.77475846599918,11.736507707999408
f1,28,51307,774714,223030,473,unsat,73.9009588930021,18.816641250999965
f1,29,53110,827935,238640,489,unsat,78.76168468900141,18.441353789999994
f1,30,54913,882924,254778,505,unsat,84.07124736400147,17.755703496000933
f1,31,56716,939681,271444,521,unsat,89.18649314600043,30.85703024800023
f1,32,58519,998206,288638,537,unsat,94.5033319159993,23.06993542100099
f1,33,60322,1058499,306360,553,unsat,99.59724990500035,22.976575112999853
f1,34,62125,1120560,324610,569,unsat,105.4132667619997,37.6931488980008
