id,k,ModelConstraintSize,FormulaConstraintSize,TranslationSize,FullSeparation,Result,Generation,Solving
f0,1,2859,465,84,8,unsat,0.302541854,0.004381451999999952
f0,2,5134,950,185,12,unsat,0.480104111,0.004026160000000001
f0,3,7409,1595,322,16,unsat,0.736216723,0.004806238000000018
f0,4,9684,2400,495,20,unsat,0.9608560809999998,0.004070729000000384
f0,5,11959,3365,704,24,unsat,1.2503488569999996,0.004275349000000261
f0,6,14234,4490,949,28,unsat,1.480854161,0.004541059000000125
f0,7,16509,5775,1230,32,unsat,1.7829343250000003,0.004701880999999908
f0,8,18784,7220,1547,36,unsat,2.075327979,0.0045824180000000325
f0,9,21059,8825,1900,40,unsat,2.4251221140000006,0.004437796000001271
f0,10,23334,10590,2289,44,unsat,2.7330499370000005,0.004544079999998729
f0,11,25609,12515,2714,48,unsat,3.095127951000002,0.004895681000000707
f0,12,27884,14600,3175,52,unsat,3.446967236999999,0.004591807000000614
f0,13,30159,16845,3672,56,unsat,3.801133783000001,0.00482180999999926
f0,14,32434,19250,4205,60,unsat,4.187493508999999,0.004521523000001082
f0,15,34709,21815,4774,64,unsat,4.561554691000001,0.004969524999999919
f0,16,36984,24540,5379,68,unsat,5.005404156000004,0.004858119999994415
f0,17,39259,27425,6020,72,unsat,5.422560656999998,0.004721652999997161
f0,18,41534,30470,6697,76,unsat,5.848734065000002,0.0047134799999994925
f0,19,43809,33675,7410,80,unsat,6.274719346000005,0.004689419999998279
f0,20,46084,37040,8159,84,unsat,6.764945687000001,0.004479187999997691
f0,21,48359,40565,8944,88,unsat,7.208479978999996,0.0047122720000061236
f0,22,50634,44250,9765,92,unsat,7.71329381999999,0.004540208999998185
f0,23,52909,48095,10622,96,unsat,8.196357739999996,0.004503539999987538
f0,24,55184,52100,11515,100,unsat,8.745244909999997,0.0046998779999967155
f0,25,57459,56265,12444,104,unsat,9.311621383999992,0.004463975000007281
f0,26,59734,60590,13409,108,unsat,9.821624737999997,0.004651980000005551
f0,27,62009,65075,14410,112,unsat,10.350243293999995,0.004632695999987391
f0,28,64284,69720,15447,116,unsat,10.974247351000002,0.004634209000016654
f0,29,66559,74525,16520,120,unsat,11.545930799000018,0.005039897999978393
f0,30,68834,79490,17629,124,unsat,12.184386660000001,0.00442622799999981
f0,31,71109,84615,18774,128,unsat,12.777689554000006,0.0044649780000156625
f0,32,73384,89900,19955,132,unsat,13.363424018000018,0.004676249999988613
f0,33,75659,95345,21172,136,unsat,14.079120364999994,0.0047681449999856795
f0,34,77934,100950,22425,140,unsat,14.697728067000014,0.0049554800000066734
f0,35,80209,106715,23714,144,unsat,15.372030088000002,0.005233142999998108
f0,36,82484,112640,25039,148,unsat,16.104339965999998,0.0047642239999845515
f0,37,84759,118725,26400,152,unsat,16.745989766000008,0.004688444999999319
f0,38,87034,124970,27797,156,unsat,17.385294447999968,0.00466314200002671
f0,39,89309,131375,29230,160,unsat,18.19320551300001,0.004826324000021032
f0,40,91584,137940,30699,164,unsat,18.944999165000013,0.0050769300000297335
f0,41,93859,144665,32204,168,unsat,19.700111772000014,0.004586786000004395
f0,42,96134,151550,33745,172,unsat,20.53425104599995,0.004561588999990818
f0,43,98409,158595,35322,176,unsat,21.433212292000007,0.004931176000013693
f0,44,100684,165800,36935,180,unsat,22.19778306799998,0.005345850000026076
f0,45,102959,173165,38584,184,unsat,22.942663987000003,0.005397528000003149
f0,46,105234,180690,40269,188,unsat,23.90908806799996,0.0053822630000013305
f0,47,107509,188375,41990,192,unsat,24.55721061700001,0.004676651000011134
f0,48,109784,196220,43747,196,unsat,25.36791062599997,0.005039200999988225
f0,49,112059,204225,45540,200,unsat,26.208959606999997,0.0047870749999674445
f0,50,114334,212390,47369,204,unsat,27.14283548100002,0.004983971000001475
