k,ModelConstraintSize,Result,Generation,Solving
1,2332,unsat,0.24894280600005914,0.004343259000052058
2,4341,unsat,0.4380519029999732,0.004331891999981963
3,6350,unsat,0.6372489329999098,0.004324097999983678
4,8359,unsat,0.842094816000099,0.0041513439999789625
5,10368,unsat,1.045387073000029,0.004376319000016338
6,12377,unsat,1.2300627969999596,0.007438979999960793
7,14386,unsat,1.4317010839999966,0.00432431000001543
8,16395,unsat,1.6312623339999845,0.004397094999944784
9,18404,unsat,1.8194502339999872,0.003953531999968618
10,20413,unsat,2.051470954000024,0.0045141849999481565
11,22422,unsat,2.27786706400002,0.003981608000003689
12,24431,unsat,2.480937885000003,0.004246061000003465
13,26440,unsat,2.627821446999974,0.004113680000045861
14,28449,unsat,2.813034509999966,0.004132725000090431
15,30458,unsat,3.008329509999953,0.00425609399997029
16,32467,unsat,3.243236353000043,0.004325579999999718
17,34476,unsat,3.4393315789999406,0.0045532289999528075
18,36485,unsat,3.645691837999948,0.004900033000012627
19,38494,unsat,3.8623192950000202,0.004963415000020177
20,40503,unsat,4.05263119499989,0.005351370999960636
21,42512,unsat,4.282690571999979,0.004918095999983052
22,44521,unsat,4.477693527000042,0.005594263000034516
23,46530,unsat,4.657631312000035,0.005276954000009937
24,48539,unsat,4.847923423999987,0.004396185000018704
25,50548,unsat,5.035724799999912,0.0047061269999630895
26,52557,unsat,5.229874848000009,0.004833083999983501
27,54566,unsat,5.466608951000012,0.004796480999971209
28,56575,unsat,5.672339367000063,0.004347625999912452
29,58584,unsat,5.800020755999981,0.004391538000049877
30,60593,unsat,6.0277053099999875,0.004494677000025149
31,62602,unsat,6.268554062000021,0.004709842000011122
32,64611,unsat,6.421145151000019,0.0044700390000116386
33,66620,unsat,6.616429392999976,0.00439487400001326
34,68629,unsat,6.7835248029999775,0.00448455200000808
35,70638,unsat,7.01145725899994,0.004401044999895021
36,72647,unsat,7.203992930000027,0.004522202999964975
37,74656,unsat,7.393423967999979,0.004446583999992981
38,76665,unsat,7.599928039999895,0.004426928999919255
39,78674,unsat,7.844669379000038,0.004281786000092325
40,80683,unsat,8.009180559000015,0.004721009000036247
41,82692,unsat,8.242224395999983,0.004681860999994569
42,84701,unsat,8.482915220999985,0.004746322999949371
43,86710,unsat,8.633141059000081,0.004842935999931797
44,88719,unsat,8.814768417999971,0.004591178999930889
45,90728,unsat,9.056402491999961,0.0047915050000710835
46,92737,unsat,9.303722030000017,0.005093617999932576
47,94746,unsat,9.456306619000088,0.004985487999988436
48,96755,unsat,9.673226915999976,0.004899862999991456
49,98764,unsat,9.85768378499995,0.0047831519999590455
50,100773,unsat,10.14112223899997,0.004897127000049295
1,2332,unsat,0.27926395299982687,0.003942863999782276
2,4341,unsat,0.43481404300018767,0.003991674999724637
3,6350,unsat,0.6324459040001784,0.003876475000197388
4,8359,unsat,0.8278723609996632,0.003950038000311906
5,10368,unsat,1.0250759649998145,0.003913727000053768
6,12377,unsat,1.2192310990003534,0.004088711999884254
7,14386,unsat,1.4188087740003539,0.003970013000071049
8,16395,unsat,1.6136080420001235,0.004040674999941984
9,18404,unsat,1.8131055750000087,0.003545627999756107
10,20413,unsat,2.0078387039998233,0.004056285999922693
11,22422,unsat,2.207303162000244,0.004087760999937018
12,24431,unsat,2.4072096340000826,0.004126174000248284
13,26440,unsat,2.6092206660000556,0.00415270999974382
14,28449,unsat,2.7992340519999743,0.004082709000158502
15,30458,unsat,3.0099072969996996,0.004123457999867242
16,32467,unsat,3.199221904999831,0.00406815899987123
17,34476,unsat,3.392875731999993,0.004111278999971546
18,36485,unsat,3.5864256439999735,0.004133147000175086
19,38494,unsat,3.786267894000048,0.0041860970000016096
20,40503,unsat,3.9789692639997156,0.004232563999721606
21,42512,unsat,4.182033242000216,0.004199202000108926
22,44521,unsat,4.449403178000011,0.004592317000060575
23,46530,unsat,4.600912560999859,0.004465016999802174
24,48539,unsat,4.805128910999883,0.004294317000130832
25,50548,unsat,4.986613005000436,0.00430741099989973
26,52557,unsat,5.193983964999916,0.004421595999701822
27,54566,unsat,5.4033950170000935,0.004387523999866971
28,56575,unsat,5.669966535000185,0.00495813600036854
29,58584,unsat,5.784280278000097,0.004787364000094385
30,60593,unsat,5.986927602999913,0.004456244000266452
31,62602,unsat,6.177284386000338,0.004790290000073583
32,64611,unsat,6.450813157999619,0.004541637999864179
33,66620,unsat,6.576291445000152,0.00426670099977855
34,68629,unsat,6.741476127000169,0.004275488000075711
35,70638,unsat,6.95894086699991,0.004313792000175454
36,72647,unsat,7.167922435000037,0.0043975670000691025
37,74656,unsat,7.37041555199994,0.004703351999978622
38,76665,unsat,7.587879500999861,0.004722747999949206
39,78674,unsat,7.7341867680002,0.0040529170000809245
40,80683,unsat,7.922450836999815,0.003908913000032044
41,82692,unsat,8.108628304999911,0.0038559740000891907
42,84701,unsat,8.326557205999961,0.004285311999865371
43,86710,unsat,8.537503706999814,0.004112156000246614
44,88719,unsat,8.713894620999781,0.004398515000048064
45,90728,unsat,8.924328339000112,0.004133920999720431
46,92737,unsat,9.116385036999873,0.004195817999971041
47,94746,unsat,9.270383854000102,0.004009494000001723
48,96755,unsat,9.493263250999917,0.004693635999956314
49,98764,unsat,9.70134239500021,0.004197922000003018
50,100773,unsat,10.000685500000145,0.004495784000027925
1,2332,unsat,0.30190478200029247,0.004337819000284071
2,4341,unsat,0.43429419399990365,0.004208532000120613
3,6350,unsat,0.632413214999815,0.004759138999816059
4,8359,unsat,0.8276672479996705,0.004410926000218751
5,10368,unsat,1.0224075800001629,0.004157314000167389
6,12377,unsat,1.217875925000044,0.004315066999879491
7,14386,unsat,1.420020311999906,0.004296896999676392
8,16395,unsat,1.614853432000018,0.0043695589997696516
9,18404,unsat,1.8078423289998682,0.004496846000165533
10,20413,unsat,2.009221972999967,0.00468891899981827
11,22422,unsat,2.2005009330000576,0.0045304539999051485
12,24431,unsat,2.4007639350002137,0.00453034599968305
13,26440,unsat,2.6086780349996843,0.004364034999980504
14,28449,unsat,2.793781579000097,0.004350337999767362
15,30458,unsat,2.9946055939999496,0.004684977000124491
16,32467,unsat,3.20725757900027,0.004369666000002326
17,34476,unsat,3.3855489090001356,0.004389499999888358
18,36485,unsat,3.5864221039996664,0.0042831380001189245
19,38494,unsat,3.781307276000007,0.0043879650002054404
20,40503,unsat,3.9902074299998276,0.00437680699997145
21,42512,unsat,4.167798616000255,0.004601103999902989
22,44521,unsat,4.389820886000052,0.005057389999819861
23,46530,unsat,4.5695292740001605,0.00463930599971718
24,48539,unsat,4.77225592700006,0.004169641999851592
25,50548,unsat,4.969528410999828,0.00458456699971066
26,52557,unsat,5.175412818000041,0.004216464000364795
27,54566,unsat,5.360849427000176,0.004710953000085283
28,56575,unsat,5.57439436300001,0.004637340000044787
29,58584,unsat,5.76257147699971,0.004739387999961764
30,60593,unsat,5.957574694999948,0.004493537999678665
31,62602,unsat,6.155101870999715,0.004307047000111197
32,64611,unsat,6.345421843000167,0.004320063000250229
33,66620,unsat,6.556846902000416,0.004235483999764256
34,68629,unsat,6.730283596999925,0.004294194000067364
35,70638,unsat,6.927234867000152,0.004336897000030149
36,72647,unsat,7.153313703000094,0.004376114000478992
37,74656,unsat,7.3207530350000525,0.004392857999846456
38,76665,unsat,7.542444802999853,0.004476207999687176
39,78674,unsat,7.734868594000545,0.00476626900035626
40,80683,unsat,7.9259889570003,0.004697180999755801
41,82692,unsat,8.1502328079996,0.004717396999694756
42,84701,unsat,8.33254206499987,0.004597752000336186
43,86710,unsat,8.521256144999825,0.004768990999764355
44,88719,unsat,8.69409320900013,0.004521525000200199
45,90728,unsat,8.884753498999999,0.004787510000824113
46,92737,unsat,9.093182145000355,0.004420195999955467
47,94746,unsat,9.280302445000416,0.004431790999660734
48,96755,unsat,9.508762383999965,0.004320852000091691
49,98764,unsat,9.68976051699974,0.005042003999733424
50,100773,unsat,9.908501756000078,0.004568534999634721
1,2332,unsat,0.4210609279998607,0.004153973000939004
2,4341,unsat,0.43302637900160335,0.003922638999938499
3,6350,unsat,0.6262685879992205,0.003478880998954992
4,8359,unsat,0.8232779929985554,0.004084535999936634
5,10368,unsat,1.021459812998728,0.004145801000049687
6,12377,unsat,1.2179324440003256,0.003915618000974064
7,14386,unsat,1.4128659769994556,0.004125130000829813
8,16395,unsat,1.6101517850001983,0.004481890000533895
9,18404,unsat,1.8038960479989328,0.004128993001359049
10,20413,unsat,2.002247880000141,0.0040068739999696845
11,22422,unsat,2.19532996199996,0.004063083999426453
12,24431,unsat,2.389064691000385,0.004031954998936271
13,26440,unsat,2.592788144998849,0.0043956839999736985
14,28449,unsat,2.7801087089992507,0.003661400000055437
15,30458,unsat,2.9753578339987143,0.004183040000498295
16,32467,unsat,3.1592431880017102,0.003842273999907775
17,34476,unsat,3.355780285999572,0.0036923440002283314
18,36485,unsat,3.5571214410010725,0.004181443000561558
19,38494,unsat,3.765650428000299,0.004377209001177107
20,40503,unsat,3.970755963000556,0.004104249999727472
21,42512,unsat,4.162032529999124,0.004250099000273622
22,44521,unsat,4.349456319001547,0.004140302999076084
23,46530,unsat,4.547992136000175,0.0039030230000207666
24,48539,unsat,4.751721995999105,0.004093825999007095
25,50548,unsat,4.9445113980000315,0.004065172000991879
26,52557,unsat,5.132870433999415,0.004462233999220189
27,54566,unsat,5.336677081999369,0.004013940000731964
28,56575,unsat,5.534360843999821,0.004153591000431334
29,58584,unsat,5.734357092000209,0.004184381999948528
30,60593,unsat,5.919060921998607,0.004197090998786734
31,62602,unsat,6.144626763998531,0.004108512001039344
32,64611,unsat,6.3524361460004,0.004671050999604631
33,66620,unsat,6.520930295999278,0.003981376999945496
34,68629,unsat,6.763761287000307,0.00414228099907632
35,70638,unsat,6.9256509679999,0.0040401410005870275
36,72647,unsat,7.109771178998926,0.004124193999814452
37,74656,unsat,7.361376414000915,0.00427881200084812
38,76665,unsat,7.595661747000122,0.004205289998935768
39,78674,unsat,7.724426204000338,0.004356381999969017
40,80683,unsat,7.9432694490005815,0.004205745999570354
41,82692,unsat,8.110939934000271,0.0045027530013612704
42,84701,unsat,8.310819696998806,0.004184994999377523
43,86710,unsat,8.485175755000455,0.004294112999559729
44,88719,unsat,8.667656071998863,0.004235215999869979
45,90728,unsat,8.93216842900074,0.004200061001029098
46,92737,unsat,9.138688822000404,0.004305157999624498
47,94746,unsat,9.282674238000254,0.004237020999426022
48,96755,unsat,9.563943215998734,0.004423755000971141
49,98764,unsat,9.66586436200123,0.004641407998860814
50,100773,unsat,9.841178943001069,0.004717761999927461
