id,k,ModelConstraintSize,FormulaConstraintSize,TranslationSize,FullSeparation,Result,Generation,Solving
f3,1,2919,6051,1144,41,unsat,0.74951058,0.004376920999999978
f3,2,5224,11536,2498,57,unsat,1.4123242009999997,0.004230655999999833
f3,3,7529,18789,4380,73,unsat,2.2065190360000004,0.004180791999999656
f3,4,9834,27810,6790,89,unsat,3.1923876680000003,0.00431284899999973
f3,5,12139,38599,9728,105,unsat,4.265852579000001,0.004165880000000399
f3,6,14444,51156,13194,121,unsat,5.549233752000001,0.004266064999999486
f3,7,16749,65481,17188,137,unsat,7.037272449,0.004166850000000721
f3,8,19054,81574,21710,153,unsat,8.581153626000003,0.0044736440000008315
f3,9,21359,99435,26760,169,unsat,10.289537867999996,0.004230841999998347
f3,10,23664,119064,32338,185,unsat,12.187465129000003,0.004186554000000342
f3,11,25969,140461,38444,201,unsat,14.244952487999996,0.00426246399999286
f3,12,28274,163626,45078,217,unsat,16.500352828000004,0.004454085999995527
f3,13,30579,188559,52240,233,unsat,18.92350090800001,0.004412890999986985
f3,14,32884,215260,59930,249,unsat,21.368803798000002,0.00444033200000149
f3,15,35189,243729,68148,265,unsat,24.06651634100001,0.004550394999995433
f3,16,37494,273966,76894,281,unsat,26.943629996,0.004432932999975492
f3,17,39799,305971,86168,297,unsat,30.08122548099999,0.004788708000006636
f3,18,42104,339744,95970,313,unsat,33.507441005000004,0.004537351999999828
f3,19,44409,375285,106300,329,unsat,36.42978030399999,0.00445917899997994
f3,20,46714,412594,117158,345,unsat,39.91611263500005,0.0046002560000033554
f3,21,49019,451671,128544,361,unsat,43.46645132200001,0.004868369999996958
f3,22,51324,492516,140458,377,unsat,47.460204137000005,0.004752845000041361
f3,23,53629,535129,152900,393,unsat,51.494254859999955,0.004467441000031158
f3,24,55934,579510,165870,409,unsat,55.296156945999996,0.005642411999929209
f3,25,58239,625659,179368,425,unsat,59.75823756099999,0.004927444000031755
f3,26,60544,673576,193394,441,unsat,64.31690723500003,0.005082054000013159
f3,27,62849,723261,207948,457,unsat,68.76659277800002,0.00520777100007308
f3,28,65154,774714,223030,473,unsat,73.438412535,0.005040858000029402
f3,29,67459,827935,238640,489,unsat,78.519919781,0.005034571000010146
f3,30,69764,882924,254778,505,unsat,83.42245700299998,0.005147094999983892
f3,31,72069,939681,271444,521,unsat,88.40785512900004,0.005375320999974065
f3,32,74374,998206,288638,537,unsat,94.13688738700012,0.005342717000075936
f3,33,76679,1058499,306360,553,unsat,99.7988637960002,0.005197644000190849
f3,34,78984,1120560,324610,569,unsat,105.33217023700013,0.005205698000054326
f3,35,81289,1184389,343388,585,unsat,111.19643575700002,0.0051085289999264205
f3,36,83594,1249986,362694,601,unsat,117.36011219800002,0.00541946199996346
f3,37,85899,1317351,382528,617,unsat,123.18040157899986,0.005616170999928727
f3,38,88204,1386484,402890,633,unsat,130.53892686300014,0.005562951999991128
f3,39,90509,1457385,423780,649,unsat,136.958084806,0.005949835000137682
f3,40,92814,1530054,445198,665,unsat,143.22269583399975,0.005953104999662173
f3,41,95119,1604491,467144,681,unsat,150.41487139599985,0.005475277000186907
f3,42,97424,1680696,489618,697,unsat,157.4689763309998,0.005428352000308223
f3,43,99729,1758669,512620,713,unsat,163.6304399579999,0.005534849000014219
f3,44,102034,1838410,536150,729,unsat,171.78143073299998,0.005657604000134597
f3,45,104339,1919919,560208,745,unsat,179.2161150449997,0.00541400700012673
f3,46,106644,2003196,584794,761,unsat,186.3835600870002,0.0053740990001642786
f3,47,108949,2088241,609908,777,unsat,195.1294193829999,0.006192646999807039
f3,48,111254,2175054,635550,793,unsat,207.26313817100026,0.006082439000238082
f3,49,113559,2263635,661720,809,unsat,211.71135349199994,0.005832913999711309
f3,50,115864,2353984,688418,825,unsat,216.72803600199995,0.0055889010000100825
