id,k,ModelConstraintSize,FormulaConstraintSize,TranslationSize,FullSeparation,Result,Generation,Solving
f3,1,2660,6051,1144,41,unsat,0.743642494,0.004814325000000008
f3,2,4714,11536,2498,57,unsat,1.4023497359999997,0.005500872999999906
f3,3,6768,18789,4380,73,unsat,2.1460950010000004,0.004452294000000023
f3,4,8822,27810,6790,89,unsat,3.1271560640000002,0.00453342799999934
f3,5,10876,38599,9728,105,unsat,4.152317387000001,0.005095278000000647
f3,6,12930,51156,13194,121,unsat,5.432848217,0.004248615999998151
f3,7,14984,65481,17188,137,unsat,6.9333925359999995,0.0046704179999998985
f3,8,17038,81574,21710,153,unsat,8.448174574,0.004964690000001326
f3,9,19092,99435,26760,169,unsat,10.188190692999996,0.004629204000003995
f3,10,21146,119064,32338,185,unsat,12.069163910999997,0.004614130000000216
f3,11,23200,140461,38444,201,unsat,14.271062511999993,0.004521647000004236
f3,12,25254,163626,45078,217,unsat,16.465386084000002,0.004392717000001767
f3,13,27308,188559,52240,233,unsat,18.804899499,0.004357056999992892
f3,14,29362,215260,59930,249,unsat,21.279192569000003,0.005109502999999904
f3,15,31416,243729,68148,265,unsat,23.66807635299999,0.003608779000018103
f3,16,33470,273966,76894,281,unsat,26.429082874000017,0.0037246489999915866
f3,17,35524,305971,86168,297,unsat,29.438425748999975,0.004112291000012647
f3,18,37578,339744,95970,313,unsat,32.41204718,0.003742635999998356
f3,19,39632,375285,106300,329,unsat,35.746675083999975,0.004072482000026412
f3,20,41686,412594,117158,345,unsat,39.20145344500003,0.003944398999976784
f3,21,43740,451671,128544,361,unsat,43.348940528000014,0.003811266000013802
f3,22,45794,492516,140458,377,unsat,46.36253795900001,0.003992911000011645
f3,23,47848,535129,152900,393,unsat,51.14225641500002,0.003744404000030954
f3,24,49902,579510,165870,409,unsat,54.815295951999985,0.004656152999984897
f3,25,51956,625659,179368,425,unsat,58.83472831400002,0.003873141999974905
f3,26,54010,673576,193394,441,unsat,63.322757293999985,0.003919881999991048
f3,27,56064,723261,207948,457,unsat,67.5475193210001,0.003863995000074283
f3,28,58118,774714,223030,473,unsat,72.26467157499997,0.004660319999970852
f3,29,60172,827935,238640,489,unsat,77.53515466499994,0.0046586749999733
f3,30,62226,882924,254778,505,unsat,81.935736614,0.004218670000000202
f3,31,64280,939681,271444,521,unsat,86.90280595399997,0.00393519900001138
f3,32,66334,998206,288638,537,unsat,92.50061958399988,0.0046896559999822784
f3,33,68388,1058499,306360,553,unsat,96.97403990399994,0.004057963999912317
f3,34,70442,1120560,324610,569,unsat,102.47467933500002,0.004129780999846844
f3,35,72496,1184389,343388,585,unsat,111.22505749099992,0.004832996000004641
f3,36,74550,1249986,362694,601,unsat,117.00799766,0.004089841999984856
f3,37,76604,1317351,382528,617,unsat,123.91249705000018,0.004301954000084152
f3,38,78658,1386484,402890,633,unsat,128.06778335700005,0.0048370120000527095
f3,39,80712,1457385,423780,649,unsat,133.63973358399994,0.0044028720001279
f3,40,82766,1530054,445198,665,unsat,139.566253749,0.004340500999660435
f3,41,84820,1604491,467144,681,unsat,146.70286700099996,0.004973588000211748
f3,42,86874,1680696,489618,697,unsat,155.650908695,0.004307016999973712
f3,43,88928,1758669,512620,713,unsat,162.6982370329997,0.004924117999962618
f3,44,90982,1838410,536150,729,unsat,168.9088660450002,0.005082568000034371
f3,45,93036,1919919,560208,745,unsat,177.1859881800001,0.004064261999701557
f3,46,95090,2003196,584794,761,unsat,183.7084853880001,0.004182349000075192
f3,47,97144,2088241,609908,777,unsat,194.1540361960001,0.004809563999970123
f3,48,99198,2175054,635550,793,unsat,199.17274630800011,0.005123765000007552
f3,49,101252,2263635,661720,809,unsat,206.6415699690001,0.00523954100026458
f3,50,103306,2353984,688418,825,unsat,214.69830308600012,0.005180443999961426
f3,51,105360,2446101,715644,841,unsat,221.18434675200024,0.005339988999821799
f3,52,107414,2539986,743398,857,unsat,230.86576149899975,0.0051555620002545766
f3,53,109468,2635639,771680,873,unsat,237.58852656899944,0.0050478469993322506
f3,54,111522,2733060,800490,889,unsat,245.82181393500014,0.005086572000436718
f3,55,113576,2832249,829828,905,unsat,254.90742334900006,0.00512262499978533
f3,56,115630,2933206,859694,921,unsat,263.6157366669995,0.005319138999766437
f3,57,117684,3035931,890088,937,unsat,274.08793367900034,0.005255480999949214
f3,58,119738,3140424,921010,953,unsat,282.3773563529994,0.005371649000153411
f3,59,121792,3246685,952460,969,unsat,291.4499130030008,0.005147971000042162
f3,60,123846,3354714,984438,985,unsat,301.15360091799994,0.005123820999870077
f3,61,125900,3464511,1016944,1001,unsat,311.3329448639997,0.005315549000442843
f3,62,127954,3576076,1049978,1017,unsat,320.38390599299964,0.005319851000422204
f3,63,130008,3689409,1083540,1033,unsat,330.8373052070001,0.005258459000287985
f3,64,132062,3804510,1117630,1049,unsat,340.864775688,0.005165472999578924
f3,65,134116,3921379,1152248,1065,unsat,350.5245776499996,0.00507046500024444
f3,66,136170,4040016,1187394,1081,unsat,360.3507570180009,0.005088912999781314
f3,67,138224,4160421,1223068,1097,unsat,372.542644318999,0.005431135999970138
f3,68,140278,4282594,1259270,1113,unsat,384.52300269899933,0.005282729998725699
f3,69,142332,4406535,1296000,1129,unsat,394.1456687659993,0.005460312000650447
f3,70,144386,4532244,1333258,1145,unsat,405.08221910300017,0.004964192999977968
f3,71,146440,4659721,1371044,1161,unsat,415.25831172799917,0.00493010299942398
f3,72,148494,4788966,1409358,1177,unsat,427.1691139199993,0.005041643998993095
f3,73,150548,4919979,1448200,1193,unsat,437.22189314499883,0.005196348998651956
f3,74,152602,5052760,1487570,1209,unsat,451.19168264699874,0.00473894599963387
f3,75,154656,5187309,1527468,1225,unsat,461.40964945199994,0.004935078000926296
f3,76,156710,5323626,1567894,1241,unsat,473.93659738600036,0.0043694710002455395
f3,77,158764,5461711,1608848,1257,unsat,486.3384046739993,0.005126860000018496
f3,78,160818,5601564,1650330,1273,unsat,499.6832845989993,0.004951762000928284
f3,79,162872,5743185,1692340,1289,unsat,513.3644047810012,0.005475057998410193
f3,80,164926,5886574,1734878,1305,unsat,526.6073772830005,0.005173346000447054
f3,81,166980,6031731,1777944,1321,unsat,539.6720401889997,0.005768496999735362
f3,82,169034,6178656,1821538,1337,unsat,551.7765185910011,0.005143024000062724
f3,83,171088,6327349,1865660,1353,unsat,566.3587671379992,0.005761657001130516
f3,84,173142,6477810,1910310,1369,unsat,577.057938572998,0.005411581001681043
f3,85,175196,6630039,1955488,1385,unsat,594.1848748919983,0.004138869000598788
f3,86,177250,6784036,2001194,1401,unsat,600.2885687480011,0.00412706100178184
f3,87,179304,6939801,2047428,1417,unsat,614.1739704270003,0.004125390998524381
f3,88,181358,7097334,2094190,1433,unsat,628.712417683997,0.0041444630005571526
f3,89,183412,7256635,2141480,1449,unsat,643.2634531910007,0.004040888001327403
f3,90,185466,7417704,2189298,1465,unsat,655.7826126239997,0.004104799001652282
f3,91,187520,7580541,2237644,1481,unsat,671.479732425003,0.005078606998722535
f3,92,189574,7745146,2286518,1497,unsat,684.8664585469996,0.0050813529996958096
f3,93,191628,7911519,2335920,1513,unsat,696.733620518,0.004151319000811782
f3,94,193682,8079660,2385850,1529,unsat,700.5204875210002,0.0041394319996470585
f3,95,195736,8249569,2436308,1545,unsat,714.3584778029981,0.005182460001378786
f3,96,197790,8421246,2487294,1561,unsat,729.7947502829993,0.004150824999669567
f3,97,199844,8594691,2538808,1577,unsat,748.3409135319998,0.0052091670004301704
f3,98,201898,8769904,2590850,1593,unsat,760.9855631519968,0.004169187999650603
f3,99,203952,8946885,2643420,1609,unsat,775.5347513220004,0.004721270001027733
f3,100,206006,9125634,2696518,1625,unsat,790.9377305439994,0.00417047500013723
