id,k,ModelConstraintSize,FormulaConstraintSize,TranslationSize,FullSeparation,Result,Generation,Solving
f1,1,2600,465,84,8,unsat,0.26244582600000005,0.004400829999999967
f1,2,4624,950,185,12,unsat,0.45218541100000004,0.0053851510000000324
f1,3,6648,1595,322,16,unsat,0.659655186,0.005188084999999898
f1,4,8672,2400,495,20,unsat,0.913585707,0.004755661999999994
f1,5,10696,3365,704,24,unsat,1.15159858,0.004766834999999858
f1,6,12720,4490,949,28,unsat,1.3685881700000002,0.0045274700000002
f1,7,14744,5775,1230,32,unsat,1.639731545,0.00459161899999927
f1,8,16768,7220,1547,36,unsat,1.924356940000001,0.004482938999998964
f1,9,18792,8825,1900,40,unsat,2.2564055450000016,0.004853985000000449
f1,10,20816,10590,2289,44,unsat,2.526713236999999,0.004739778000001138
f1,11,22840,12515,2714,48,unsat,2.871771505999998,0.004492059000000381
f1,12,24864,14600,3175,52,unsat,3.2473181569999987,0.004923909999998699
f1,13,26888,16845,3672,56,unsat,3.562687309000001,0.005052945000002751
f1,14,28912,19250,4205,60,unsat,3.964317349999998,0.005604039999997923
f1,15,30936,21815,4774,64,unsat,4.305796332,0.005195954000001279
f1,16,32960,24540,5379,68,unsat,4.754747922,0.00483819600000146
f1,17,34984,27425,6020,72,unsat,5.182123863999998,0.0052389710000042555
f1,18,37008,30470,6697,76,unsat,5.615299338999996,0.005583567000002176
f1,19,39032,33675,7410,80,unsat,6.009982141999998,0.0058370029999963435
f1,20,41056,37040,8159,84,unsat,6.450787429000002,0.005105483999997773
f1,21,43080,40565,8944,88,unsat,6.886093296999995,0.005076404999996953
f1,22,45104,44250,9765,92,unsat,7.283393153999995,0.00522414300000662
f1,23,47128,48095,10622,96,unsat,7.813174286000006,0.004617647999992869
f1,24,49152,52100,11515,100,unsat,8.248149519000009,0.0046402219999919225
f1,25,51176,56265,12444,104,unsat,8.706380933999995,0.0045574399999992465
f1,26,53200,60590,13409,108,unsat,9.253877028999995,0.00440214199998934
f1,27,55224,65075,14410,112,unsat,9.777199647000003,0.004273939999990262
f1,28,57248,69720,15447,116,unsat,10.343450742999991,0.0041421570000039765
f1,29,59272,74525,16520,120,unsat,11.03652276199999,0.00409926899999391
f1,30,61296,79490,17629,124,unsat,11.415326489000023,0.003795615999990787
f1,31,63320,84615,18774,128,unsat,12.028732193999986,0.004049893000001248
f1,32,65344,89900,19955,132,unsat,12.625031213,0.003820367000002989
f1,33,67368,95345,21172,136,unsat,13.317570610000018,0.003659935000001724
f1,34,69392,100950,22425,140,unsat,13.912270139000015,0.004886836999986599
f1,35,71416,106715,23714,144,unsat,14.56902714100002,0.0035218510000163405
f1,36,73440,112640,25039,148,unsat,15.16203943100001,0.003996651999983669
f1,37,75464,118725,26400,152,unsat,15.951896817999994,0.003886827000002313
f1,38,77488,124970,27797,156,unsat,16.836744608000004,0.004253527000003032
f1,39,79512,131375,29230,160,unsat,17.41874333100003,0.0039804200000048695
f1,40,81536,137940,30699,164,unsat,18.176860450999982,0.004230225000014798
f1,41,83560,144665,32204,168,unsat,18.837729428999978,0.004197599999997692
f1,42,85584,151550,33745,172,unsat,19.637584791999984,0.0042262850000156504
f1,43,87608,158595,35322,176,unsat,20.68162675299999,0.004310618000033628
f1,44,89632,165800,36935,180,unsat,21.39820270299998,0.004788175999976829
f1,45,91656,173165,38584,184,unsat,22.37342179000001,0.004597778000004382
f1,46,93680,180690,40269,188,unsat,22.998239591000015,0.004767556999979661
f1,47,95704,188375,41990,192,unsat,23.953400911000017,0.004425377999950797
f1,48,97728,196220,43747,196,unsat,24.76808692999998,0.0036886699999740813
f1,49,99752,204225,45540,200,unsat,25.063621282999975,0.00379581100003179
f1,50,101776,212390,47369,204,unsat,26.017098097999963,0.005382326000017201
f1,51,103800,220715,49234,208,unsat,26.959577575000026,0.0036768119999806004
f1,52,105824,229200,51135,212,unsat,27.73121724200007,0.004307160000053045
f1,53,107848,237845,53072,216,unsat,28.874825649999934,0.0037417160000359218
f1,54,109872,246650,55045,220,unsat,29.35657495099997,0.003654172999972616
f1,55,111896,255615,57054,224,unsat,30.200640377000013,0.004213802000094802
f1,56,113920,264740,59099,228,unsat,31.85604554400004,0.0045928479999020055
f1,57,115944,274025,61180,232,unsat,32.580757878999975,0.004673539000009441
f1,58,117968,283470,63297,236,unsat,33.385418671000025,0.0048452640000959946
f1,59,119992,293075,65450,240,unsat,34.733473237,0.004536762000043382
f1,60,122016,302840,67639,244,unsat,35.069996446000005,0.004016938999939157
f1,61,124040,312765,69864,248,unsat,36.38362778800001,0.004365846999917267
f1,62,126064,322850,72125,252,unsat,36.987328092999974,0.004298205000054622
f1,63,128088,333095,74422,256,unsat,38.90340738500004,0.004144403000054808
f1,64,130112,343500,76755,260,unsat,39.1338853609999,0.00431812900001205
f1,65,132136,354065,79124,264,unsat,40.41764118100002,0.004403786000011678
f1,66,134160,364790,81529,268,unsat,41.40270773399993,0.004867392999813092
f1,67,136184,375675,83970,272,unsat,43.11687984900004,0.005021251000016491
f1,68,138208,386720,86447,276,unsat,43.554724392000026,0.004765323000128774
f1,69,140232,397925,88960,280,unsat,44.55870252900013,0.004387740999845846
f1,70,142256,409290,91509,284,unsat,45.68066796400012,0.004399653000064063
f1,71,144280,420815,94094,288,unsat,47.277721015,0.004269816000032733
f1,72,146304,432500,96715,292,unsat,49.08986185699996,0.004507783000008203
f1,73,148328,444345,99372,296,unsat,50.45376805000001,0.004747429999952146
f1,74,150352,456350,102065,300,unsat,51.084990092,0.004748844000005192
f1,75,152376,468515,104794,304,unsat,52.27249645100005,0.0046841819998917344
f1,76,154400,480840,107559,308,unsat,53.63711403699995,0.0044073600001866
f1,77,156424,493325,110360,312,unsat,54.810998016999974,0.00444348899986835
f1,78,158448,505970,113197,316,unsat,55.159799754999995,0.0037866220000069006
f1,79,160472,518775,116070,320,unsat,56.56558663999999,0.004480992000026163
f1,80,162496,531740,118979,324,unsat,57.970629731000145,0.004768392000187305
f1,81,164520,544865,121924,328,unsat,59.05989896400001,0.004679459000044517
f1,82,166544,558150,124905,332,unsat,60.77997636800001,0.004938625000022512
f1,83,168568,571595,127922,336,unsat,62.406077173000085,0.003956440999900224
f1,84,170592,585200,130975,340,unsat,64.04930362000005,0.004488995999963663
f1,85,172616,598965,134064,344,unsat,65.4103824130002,0.004696059999787394
f1,86,174640,612890,137189,348,unsat,66.52019519600026,0.004577271000016481
f1,87,176664,626975,140350,352,unsat,68.33882371399977,0.0046255730003395
f1,88,178688,641220,143547,356,unsat,68.73400058100015,0.004811356000118394
f1,89,180712,655625,146780,360,unsat,69.91335508199973,0.004671573999985412
f1,90,182736,670190,150049,364,unsat,71.246936216,0.003962774000228819
f1,91,184760,684915,153354,368,unsat,72.64002872999981,0.004589361999933317
f1,92,186784,699800,156695,372,unsat,74.15946724100013,0.0050193289998787805
f1,93,188808,714845,160072,376,unsat,75.43976064299977,0.004734811999696831
f1,94,190832,730050,163485,380,unsat,77.17404154499991,0.004960331999882328
f1,95,192856,745415,166934,384,unsat,78.50613019499997,0.0041100220000771515
f1,96,194880,760940,170419,388,unsat,79.5795021529998,0.004505208999944443
f1,97,196904,776625,173940,392,unsat,81.29648566500009,0.004996751000362565
f1,98,198928,792470,177497,396,unsat,82.81943657400006,0.004713562000233651
f1,99,200952,808475,181090,400,unsat,84.3573965329997,0.0048593650003567745
f1,100,202976,824640,184719,404,unsat,86.16037706299994,0.004536123999969277
