k,ModelConstraintSize,Result,Generation,Solving
1,2073,unsat,0.241459568,0.004274073000000017
1,2073,unsat,0.24225904200000004,0.004278639000000001
1,2073,unsat,0.24178052100000003,0.004046812000000011
1,2073,unsat,0.239372049,0.004554330999999995
2,3831,unsat,0.386109768,0.00427297900000001
2,3831,unsat,0.39234959100000005,0.004126616999999944
2,3831,unsat,0.3998748220000001,0.004652292000000058
2,3831,unsat,0.400282378,0.004235580999999988
3,5589,unsat,0.5746619190000001,0.004312636000000092
3,5589,unsat,0.5832535510000001,0.00417606699999995
3,5589,unsat,0.5606389519999999,0.0039727170000001255
3,5589,unsat,0.572674186,0.004137674999999952
4,7347,unsat,0.734253308,0.004461674000000304
4,7347,unsat,0.7425620990000001,0.0043509679999997886
4,7347,unsat,0.744870446,0.005269037999999782
4,7347,unsat,0.7300098849999999,0.0040494369999999336
5,9105,unsat,0.9202972030000001,0.004546869999999981
5,9105,unsat,0.93471803,0.004954147999999936
5,9105,unsat,0.9267404899999998,0.004169805000000082
5,9105,unsat,0.9263939579999998,0.0043216980000000405
6,10863,unsat,1.0841628460000003,0.004218044000000809
6,10863,unsat,1.1052049129999997,0.004292406000000248
6,10863,unsat,1.0790607169999995,0.00402957699999984
7,12621,unsat,1.2737871870000008,0.004607954999999997
6,10863,unsat,1.1067475199999999,0.004106673999999977
7,12621,unsat,1.268608274,0.0045278050000003844
7,12621,unsat,1.256384831,0.004355480000000078
7,12621,unsat,1.2768037399999992,0.004068584999999736
8,14379,unsat,1.438097183,0.004537993999999657
8,14379,unsat,1.4533700640000005,0.004085467999999537
9,16137,unsat,1.6110182080000008,0.004217705000000294
8,14379,unsat,1.461109974000001,0.004400483999999594
8,14379,unsat,1.458103671,0.004585059000000058
9,16137,unsat,1.660668616999999,0.004402314000000018
10,17895,unsat,1.7758960940000001,0.004588400000001158
9,16137,unsat,1.6378933250000003,0.00443298100000078
9,16137,unsat,1.6695202649999992,0.004166401000000874
10,17895,unsat,1.7791239230000002,0.003997175000000297
10,17895,unsat,1.7826966849999994,0.004282403999999573
11,19653,unsat,1.9742571300000016,0.004271170000000879
10,17895,unsat,1.7940508029999993,0.004152161000000376
12,21411,unsat,2.1166601699999976,0.0042155729999997504
11,19653,unsat,2.016549608,0.0046303860000005415
11,19653,unsat,1.9787916019999994,0.00422335199999857
11,19653,unsat,1.9873867749999992,0.00419023999999979
13,23169,unsat,2.3054176780000013,0.004124881999999275
12,21411,unsat,2.1509798789999994,0.004231553999996862
12,21411,unsat,2.178659141999999,0.005213516000001306
12,21411,unsat,2.1563696720000003,0.004530984999998822
14,24927,unsat,2.513653295000001,0.004196370999999033
13,23169,unsat,2.320186204999999,0.004073721999997559
13,23169,unsat,2.3350062389999984,0.004710081000002475
13,23169,unsat,2.317152395000001,0.004235079000000752
15,26685,unsat,2.6629910079999988,0.0046552179999999055
14,24927,unsat,2.5308637999999988,0.00523105800000323
14,24927,unsat,2.5179039000000003,0.00546783199999723
14,24927,unsat,2.5076558460000022,0.004290530000002235
16,28443,unsat,2.871432630000001,0.004459383000000372
15,26685,unsat,2.6838723129999984,0.0044484310000001415
15,26685,unsat,2.7079716709999992,0.004581632000000724
15,26685,unsat,2.688872132,0.004378104000000604
17,30201,unsat,3.0122601030000027,0.004901880999995001
16,28443,unsat,2.8357125940000003,0.004414457999999399
18,31959,unsat,3.178187643000001,0.004528659999998297
16,28443,unsat,2.8396990820000028,0.004747735000002251
16,28443,unsat,2.9045451920000005,0.004611364999998813
17,30201,unsat,3.0278253040000003,0.004218274000002964
19,33717,unsat,3.3971130719999962,0.005223116000003358
17,30201,unsat,3.023070316000002,0.004284335000001249
17,30201,unsat,3.0816400020000003,0.0050902859999979455
18,31959,unsat,3.2230049879999996,0.004439253000001031
20,35475,unsat,3.5553777780000004,0.005268512999997199
18,31959,unsat,3.191622414000001,0.004603365999997777
18,31959,unsat,3.230386154999998,0.004461151000000996
19,33717,unsat,3.4080531510000043,0.0040362080000022615
21,37233,unsat,3.7549434030000057,0.005379773000001364
19,33717,unsat,3.354014112999998,0.003977452000000881
20,35475,unsat,3.5590448809999984,0.004014422000004458
19,33717,unsat,3.449412737000003,0.004808908999997641
22,38991,unsat,3.945644661000003,0.005522730000002696
20,35475,unsat,3.535827059000006,0.004015471999998965
21,37233,unsat,3.752958669999998,0.004053855999998746
20,35475,unsat,3.5969134619999963,0.004922618999998463
23,40749,unsat,4.089724509,0.004647656999999583
21,37233,unsat,3.7199468720000013,0.0039236709999954655
22,38991,unsat,3.9245173490000056,0.003864536999998336
21,37233,unsat,3.788520199000004,0.005338767999994332
24,42507,unsat,4.289846214000001,0.004903347000009717
22,38991,unsat,3.9140620829999975,0.003835224999996001
23,40749,unsat,4.1208627980000045,0.00395523000000253
22,38991,unsat,3.9675646410000027,0.005010302999998828
23,40749,unsat,4.079736200999996,0.0038818840000018895
25,44265,unsat,4.510569367000002,0.004976397000007182
24,42507,unsat,4.2990144400000005,0.004019157999991307
23,40749,unsat,4.1187866730000025,0.004540096999996024
26,46023,unsat,4.649285328999994,0.004978069000003416
24,42507,unsat,4.263157837999998,0.004289851999999428
25,44265,unsat,4.461855155999999,0.003983892999997352
24,42507,unsat,4.329867657000001,0.004556123000000412
27,47781,unsat,4.764108926000006,0.004741708999986827
25,44265,unsat,4.442883361,0.003958155999995938
25,44265,unsat,4.424533306000001,0.004434755999994877
26,46023,unsat,4.636385692000005,0.004057630000005474
28,49539,unsat,4.987557301999999,0.0047931650000094805
26,46023,unsat,4.579930121999993,0.004080259999994951
26,46023,unsat,4.531816913,0.00391228200000171
27,47781,unsat,4.762032050000002,0.005100976999997897
29,51297,unsat,5.118349082999998,0.004538660999998001
27,47781,unsat,4.731963911000008,0.004062484000002087
27,47781,unsat,4.727825115000002,0.003949672000004512
28,49539,unsat,4.960482580000004,0.004482895000009535
30,53055,unsat,5.214312950000007,0.00414763199999868
28,49539,unsat,4.959791769000006,0.003858364999999253
28,49539,unsat,4.902263409,0.00391578500000378
29,51297,unsat,5.116736731000003,0.0038272530000114102
29,51297,unsat,5.108418759000003,0.003946950999988985
31,54813,unsat,5.403025862999996,0.0042945129999907294
29,51297,unsat,5.099449941000003,0.004017075999996678
30,53055,unsat,5.317052962999995,0.0038544789999974682
30,53055,unsat,5.297585127000005,0.0038812260000042897
32,56571,unsat,5.528783516999994,0.004719027999996683
30,53055,unsat,5.253430297999998,0.003980620000007207
31,54813,unsat,5.533699736000003,0.0035852620000014213
31,54813,unsat,5.466349916999988,0.0035722899999939273
33,58329,unsat,5.716875676000001,0.0037213829999984682
31,54813,unsat,5.422766546000005,0.0038362290000009125
32,56571,unsat,5.546807138999995,0.0035964919999997846
32,56571,unsat,5.58722401899999,0.0035551609999942
34,60087,unsat,5.9393496540000115,0.003834425999997393
32,56571,unsat,5.548899729999988,0.003546175000010976
33,58329,unsat,5.755900830000002,0.0035112710000078096
33,58329,unsat,5.743990939999989,0.0034986959999940836
35,61845,unsat,6.150664312999993,0.003524329000015314
33,58329,unsat,5.747553413999995,0.0033139139999889267
34,60087,unsat,6.068013300000018,0.008346256000010044
34,60087,unsat,5.830566128000001,0.0033740719999855173
36,63603,unsat,6.20568849,0.003768515000018624
34,60087,unsat,6.032435339999992,0.003493929000001117
35,61845,unsat,5.996618777999998,0.003345184000011159
35,61845,unsat,6.206750089999986,0.0033424629999956323
35,61845,unsat,6.08094921899999,0.003372442999989289
37,65361,unsat,6.446069053000002,0.003493190000000368
36,63603,unsat,6.223143550000003,0.003374309999998104
36,63603,unsat,6.290838102999999,0.0033426280000128372
36,63603,unsat,6.143886141999985,0.003289620000003879
38,67119,unsat,6.4771722009999735,0.00350095100000658
37,65361,unsat,6.388937172999988,0.003355909999982032
37,65361,unsat,6.533094255999998,0.0033510179999893808
37,65361,unsat,6.471911318999986,0.0033494770000004337
39,68877,unsat,6.783003514000001,0.003412990999976273
38,67119,unsat,6.450847097999997,0.003322085000007746
38,67119,unsat,6.639846788999989,0.0033472509999796785
38,67119,unsat,6.512872622999993,0.003318798999998762
40,70635,unsat,6.7865063520000035,0.0034267220000003817
39,68877,unsat,6.766626501000019,0.0033378589999983888
39,68877,unsat,6.7007123639999975,0.003448335999991059
39,68877,unsat,6.664207901999987,0.0033145110000134537
41,72393,unsat,6.959163784999987,0.0035106349999978192
40,70635,unsat,6.8566396439999835,0.0033517710000126044
40,70635,unsat,6.902960856999982,0.0034003140000038456
40,70635,unsat,6.880511541999994,0.003289533000014444
42,74151,unsat,7.180489377999976,0.0034329000000070664
41,72393,unsat,7.004076622000014,0.003356883999998672
41,72393,unsat,7.1163050269999815,0.0033987269999897762
41,72393,unsat,7.045080562999999,0.0033349680000185344
43,75909,unsat,7.388629410000021,0.0034542310000063026
42,74151,unsat,7.223832845999993,0.003301512999996703
42,74151,unsat,7.204827439000013,0.003425372999998899
42,74151,unsat,7.226368785000005,0.0033089820000213876
44,77667,unsat,7.654392575000003,0.0034643670000207294
43,75909,unsat,7.439533649000026,0.003420882000000347
43,75909,unsat,7.512210836999998,0.0034486729999798627
43,75909,unsat,7.427736156999998,0.0035595610000029865
45,79425,unsat,7.850349442999999,0.0035248119999948813
44,77667,unsat,7.5707604170000025,0.0033261410000022806
44,77667,unsat,7.533131561000005,0.0033670329999893056
44,77667,unsat,7.700602860000004,0.0034246680000080687
46,81183,unsat,7.9126540379999994,0.003467674000006582
45,79425,unsat,7.80004160499999,0.0061386280000022
45,79425,unsat,7.673710272999983,0.003361361999992596
45,79425,unsat,7.71620204200002,0.0033750770000153807
47,82941,unsat,7.9883960290000005,0.0035093230000029507
46,81183,unsat,7.872057681999991,0.003315951000018913
46,81183,unsat,8.443108346000002,0.003706496999996034
46,81183,unsat,7.854479543999986,0.003328301999999894
48,84699,unsat,8.251338648,0.003444931999979417
47,82941,unsat,7.990558440000001,0.003380642999985639
47,82941,unsat,8.030343020999993,0.003452160999984244
47,82941,unsat,8.107568001000004,0.0034263020000082633
49,86457,unsat,8.400737635999974,0.003514303999963886
48,84699,unsat,8.14050025100002,0.0033205710000174804
48,84699,unsat,8.323299625999965,0.00343160799997122
48,84699,unsat,8.295823982000002,0.0038413510000054885
50,88215,unsat,8.599791745999994,0.0034718539999971654
49,86457,unsat,8.324623873999997,0.003381278000006205
49,86457,unsat,8.507157796000001,0.0034427800000003117
49,86457,unsat,8.49187330899997,0.0033127549999676376
51,89973,unsat,8.778573096000002,0.0034825440000076924
50,88215,unsat,8.506506773000012,0.003416876000017055
50,88215,unsat,8.560512580000022,0.0033456600000363323
50,88215,unsat,8.602594183000008,0.0033166100000130427
52,91731,unsat,8.959303347999992,0.0035400229999709154
51,89973,unsat,8.786893329999998,0.0033488160000274547
51,89973,unsat,8.757944813999984,0.0033396599999946375
51,89973,unsat,8.827644534000001,0.003385499999978947
53,93489,unsat,9.098587138000028,0.003487210999992385
52,91731,unsat,9.10354873099999,0.003359056999954646
52,91731,unsat,8.879422669999997,0.003353645000004235
52,91731,unsat,8.96317469600001,0.0034000350000269464
54,95247,unsat,9.16494971200001,0.0034568649999755507
53,93489,unsat,9.05616575900001,0.003473601999985476
53,93489,unsat,9.012653059999991,0.003390002999992703
53,93489,unsat,9.106326533999948,0.0033361299999796756
55,97005,unsat,9.372365431000048,0.0034534609999923305
54,95247,unsat,9.167471595999984,0.0033887690000256043
54,95247,unsat,9.233600839000019,0.003343939999979284
54,95247,unsat,9.38573846700001,0.0033556600000110848
56,98763,unsat,9.534168668000007,0.008828258999983518
55,97005,unsat,9.389663627000004,0.003331242999990991
55,97005,unsat,9.450303528000006,0.0033340389999807485
55,97005,unsat,9.524224107000009,0.003565674000014951
57,100521,unsat,9.81409327099999,0.0036766630000215628
56,98763,unsat,9.475820053000007,0.003380383999967762
56,98763,unsat,9.649886494999976,0.00333779999999706
56,98763,unsat,9.884440945999984,0.003790804000004755
58,102279,unsat,10.162409545999992,0.004027569000015774
57,100521,unsat,9.839607395999963,0.0033409629999709978
57,100521,unsat,9.78517130299997,0.003448832999993101
57,100521,unsat,9.949794190000034,0.0038751130000491685
59,104037,unsat,10.368417534999992,0.003947847999995702
58,102279,unsat,9.968764211999996,0.003502079999975649
58,102279,unsat,9.856951707000007,0.0033321239999963836
58,102279,unsat,10.138939404000041,0.003359295999985079
59,104037,unsat,10.169637468000019,0.003364832000045226
60,105795,unsat,10.524931546999994,0.0041573799999810035
59,104037,unsat,10.053531514999975,0.0033633909999934986
59,104037,unsat,10.365594258000044,0.009566315000029135
60,105795,unsat,10.456561918000034,0.0034614729999589144
61,107553,unsat,10.587820230999966,0.004066754000007222
60,105795,unsat,10.388400809000018,0.0035801969999624816
60,105795,unsat,10.412550497999973,0.003823828000008689
61,107553,unsat,10.410881598000003,0.0036711879999984376
62,109311,unsat,10.672260800999993,0.004302289000008841
61,107553,unsat,10.708100098999978,0.0035148680000247623
61,107553,unsat,10.658194203999983,0.003938748000052783
62,109311,unsat,10.636394742999983,0.003390991000003396
63,111069,unsat,10.951649155999974,0.004245674999992843
62,109311,unsat,10.582192143999976,0.0034242120000271825
62,109311,unsat,10.951888622000013,0.004083355000034317
63,111069,unsat,11.049177423999993,0.0034059590000197204
64,112827,unsat,11.198460732000001,0.0036214220000374553
63,111069,unsat,10.938996387999964,0.0034184939999590824
63,111069,unsat,11.279954082000017,0.004247096999961286
64,112827,unsat,11.050975464999965,0.0033419000000094456
65,114585,unsat,11.189779190000024,0.0047601940000276954
64,112827,unsat,11.170512851000012,0.0033529699999803597
64,112827,unsat,11.09921412,0.0035609170000157064
65,114585,unsat,11.068378586999984,0.003353629000002911
66,116343,unsat,11.205832428000008,0.00349454499996682
65,114585,unsat,11.38022994299996,0.003329202999964309
65,114585,unsat,11.217437066999992,0.003419005000012021
66,116343,unsat,11.200953937999998,0.0035507670000356484
67,118101,unsat,11.52757499200004,0.007582442000000356
66,116343,unsat,11.336206446000006,0.0034624929999722553
66,116343,unsat,11.34455768700002,0.0034199069999658605
67,118101,unsat,11.446451802999945,0.0041855789999658555
67,118101,unsat,11.55038521199998,0.003416275000006408
68,119859,unsat,11.72594090199999,0.0035188790000120207
67,118101,unsat,11.680883343000005,0.003344979000019066
68,119859,unsat,11.56015434699998,0.003386559000091438
68,119859,unsat,11.714483686999984,0.0033721149999337285
69,121617,unsat,12.114574355000059,0.003736060999926849
68,119859,unsat,11.945673027999987,0.003446324999913486
69,121617,unsat,11.80181749999997,0.0033873669999593403
69,121617,unsat,11.942691329000013,0.003395422999915354
70,123375,unsat,11.986916491999978,0.00350255399996513
69,121617,unsat,12.000027137000075,0.0033912769999915326
70,123375,unsat,12.098176207000051,0.003349662999994507
70,123375,unsat,12.02031247800005,0.003405074999932367
71,125133,unsat,11.993143452999902,0.0035378540000010616
70,123375,unsat,11.988360647999912,0.003313391999995474
71,125133,unsat,12.243087756999898,0.0034344990000363396
71,125133,unsat,12.116645026000015,0.003355062999958136
72,126891,unsat,12.352673328000037,0.0035114929999053857
71,125133,unsat,12.082893198999955,0.0033805169999823192
72,126891,unsat,12.301870206999979,0.0033371040000247376
72,126891,unsat,12.287713612000061,0.0033232050000151503
73,128649,unsat,12.426934426999992,0.0034366230000841824
72,126891,unsat,12.41194739399998,0.0033578709999346756
73,128649,unsat,12.387757069000031,0.003329392000068765
73,128649,unsat,12.581792151999935,0.003381130999969173
74,130407,unsat,12.487136883000062,0.0036000530000137587
73,128649,unsat,12.587892105000037,0.003345742999954382
74,130407,unsat,12.492112656000018,0.003522880000105033
74,130407,unsat,12.727330587999973,0.0034515350000674516
75,132165,unsat,12.775152540000022,0.0034578349999492275
74,130407,unsat,12.844539199999986,0.003415173999997023
75,132165,unsat,12.837149400000044,0.0033672629999728088
75,132165,unsat,12.957904766999945,0.0034212680000109685
76,133923,unsat,12.942335220000018,0.0036743609999803084
75,132165,unsat,12.934624441999972,0.003488916999913272
76,133923,unsat,12.900686048000011,0.003330336999965766
76,133923,unsat,12.967992718000005,0.0033423550000861724
77,135681,unsat,13.220570077999923,0.0034393219999628855
76,133923,unsat,13.127366434999999,0.0033999260000427967
77,135681,unsat,13.249010537999993,0.0033609070000011343
77,135681,unsat,13.07574412200006,0.0057107210000140185
78,137439,unsat,13.58297470399998,0.0034785120000151437
77,135681,unsat,13.199541131000046,0.003305081999997128
78,137439,unsat,13.54963265899994,0.004773799000076906
78,137439,unsat,13.343241981000006,0.0033956710000211388
79,139197,unsat,13.459395116999985,0.0036449069999662242
78,137439,unsat,13.757684685999948,0.0037130919999981415
79,139197,unsat,13.311761882000042,0.0033497900000156733
79,139197,unsat,13.503605697000012,0.003359062999948037
80,140955,unsat,13.753726187999973,0.0035868950000121913
79,139197,unsat,13.664660506000018,0.003809601000057228
80,140955,unsat,13.986260957000013,0.0035509819999788306
80,140955,unsat,13.71387413900004,0.003511825999908069
81,142713,unsat,14.094634310999936,0.003953389999992396
80,140955,unsat,13.79216722199999,0.003809047000004284
81,142713,unsat,13.87617582200005,0.0035182370000939045
81,142713,unsat,14.010563294999997,0.003514010000003509
82,144471,unsat,14.025583236999978,0.004152149999981702
81,142713,unsat,14.029857837000009,0.0038884189999635055
82,144471,unsat,14.071285822999926,0.003454411000006985
82,144471,unsat,14.071153327000047,0.003413105999925392
83,146229,unsat,14.446622314000024,0.0042416530000082275
82,144471,unsat,14.513049165999973,0.003882125000018277
83,146229,unsat,14.210300027000017,0.003489936000050875
83,146229,unsat,14.312277440000003,0.003461929999957647
84,147987,unsat,14.622533051999994,0.003989649000004647
83,146229,unsat,14.596735190000004,0.003928042999973513
84,147987,unsat,14.306039865999992,0.0033616859999483495
84,147987,unsat,14.292805931999965,0.0034319999999752326
85,149745,unsat,14.670784622000042,0.0038019820000272375
84,147987,unsat,14.586852626999985,0.003748375999975906
85,149745,unsat,14.732337811999969,0.003723667000031128
85,149745,unsat,14.768032355999935,0.004549881000002642
86,151503,unsat,15.098418446999972,0.0036996229999886054
85,149745,unsat,14.791229497000018,0.0036035580000088885
86,151503,unsat,14.585662714999899,0.0033693279999624792
86,151503,unsat,14.80361631400001,0.003402552000011383
87,153261,unsat,15.015961817999937,0.003759792999971978
86,151503,unsat,14.990961697999978,0.003353119999928822
87,153261,unsat,14.848944324000058,0.003377845999921192
87,153261,unsat,14.957899958999974,0.0033453129999543307
88,155019,unsat,15.372249859000021,0.0036500530000012077
87,153261,unsat,15.04291438100006,0.0033242529999597537
88,155019,unsat,15.11151992200007,0.003517993000059505
88,155019,unsat,15.245497752999995,0.003400002000034874
89,156777,unsat,15.206340554999997,0.0038844140000264815
88,155019,unsat,15.575047089999998,0.0035354940000615898
89,156777,unsat,15.190238393999948,0.0033575850000033824
89,156777,unsat,15.050367498000014,0.003344258000083755
90,158535,unsat,15.916896530999907,0.003753197999913027
89,156777,unsat,15.247391154999946,0.003600286000050801
90,158535,unsat,15.333959855999979,0.0033335330000454633
90,158535,unsat,15.359218268000063,0.0033979899999394547
91,160293,unsat,15.681089707999945,0.003796664999981658
90,158535,unsat,15.730032924000056,0.003359146999969198
91,160293,unsat,15.528900993999969,0.003360821000001124
91,160293,unsat,15.809250582999994,0.0033907770000496384
92,162051,unsat,15.678531946000021,0.003804364999950849
91,160293,unsat,15.594115689999967,0.0035017080000443457
92,162051,unsat,15.651871945000039,0.0033672920000071827
92,162051,unsat,15.60991755300006,0.003337897000051271
93,163809,unsat,16.143868096999995,0.0034911249999822758
92,162051,unsat,15.949689865999972,0.003398795000066457
93,163809,unsat,15.987429670999973,0.003369150000025911
93,163809,unsat,15.916963741000018,0.0033483050000313597
94,165567,unsat,16.304521290000025,0.0035809510000035516
93,163809,unsat,16.044658772000048,0.0035962270000027274
94,165567,unsat,15.890043725000055,0.0033553640000718588
94,165567,unsat,16.215468757000053,0.0034789789999649656
95,167325,unsat,16.531307584000047,0.0034563840000600976
94,165567,unsat,16.17907599199998,0.003579203999947822
95,167325,unsat,16.03060141000003,0.0033625089999986812
95,167325,unsat,16.21411841700001,0.003355813999974089
96,169083,unsat,16.50487026899998,0.0037040610000076413
95,167325,unsat,16.45573510600002,0.003689307999934499
96,169083,unsat,16.300521795999998,0.003338541999937661
96,169083,unsat,16.287124531999893,0.0033696760001475923
97,170841,unsat,16.48177631900012,0.004006643000138865
96,169083,unsat,16.43477571699998,0.003568310999980895
97,170841,unsat,16.535363012999824,0.004334993000156828
97,170841,unsat,16.68803496999999,0.0038380729999971663
98,172599,unsat,16.883441043999937,0.004047957000011593
97,170841,unsat,16.838483256000018,0.003942241999993712
98,172599,unsat,16.813542232999907,0.0036178139998810366
98,172599,unsat,17.034814419999975,0.003615267999975913
99,174357,unsat,17.132744287999913,0.004055627000070672
98,172599,unsat,16.937945721999995,0.0038910429998395557
99,174357,unsat,16.889525150000054,0.003513000000111788
99,174357,unsat,16.85670122500005,0.0036470130000907375
100,176115,unsat,17.614146174000098,0.004354334000026938
99,174357,unsat,17.085540733000016,0.004153622000103496
100,176115,unsat,17.329321416000084,0.0037122880000879377
100,176115,unsat,17.17300477999993,0.004000352999810275
100,176115,unsat,17.308940501000052,0.004200087000072017
