id,k,ModelConstraintSize,FormulaConstraintSize,TranslationSize,FullSeparation,Result,Generation,Solving
f2,1,2600,6051,1144,41,unsat,0.744656016,0.004933619999999972
f2,2,4624,11536,2498,57,unsat,1.3794054720000002,0.004643757000000193
f2,3,6648,18789,4380,73,unsat,2.1515309109999996,0.005006402000000243
f2,4,8672,27810,6790,89,unsat,3.1087891069999998,0.00545085500000031
f2,5,10696,38599,9728,105,unsat,4.1696298050000005,0.0047700420000005295
f2,6,12720,51156,13194,121,unsat,5.444689658,0.0045716430000020125
f2,7,14744,65481,17188,137,unsat,6.928807761999998,0.005212199999999001
f2,8,16768,81574,21710,153,unsat,8.516286110000003,0.005320820999997977
f2,9,18792,99435,26760,169,unsat,10.296017003000003,0.005019218000001047
f2,10,20816,119064,32338,185,unsat,12.214496116,0.00588558500000147
f2,11,22840,140461,38444,201,unsat,14.309833055999995,0.005482428999997069
f2,12,24864,163626,45078,217,unsat,16.378457240999992,0.005425208999994879
f2,13,26888,188559,52240,233,unsat,18.56023795200001,0.0054202339999989135
f2,14,28912,215260,59930,249,unsat,21.013907069,0.004315555999994558
f2,15,30936,243729,68148,265,unsat,23.76713079599999,0.0037438679999866054
f2,16,32960,273966,76894,281,unsat,26.39008939300001,0.0036917350000180704
f2,17,34984,305971,86168,297,unsat,29.22613199,0.0037652229999878273
f2,18,37008,339744,95970,313,unsat,32.44580118000002,0.004126533999993853
f2,19,39032,375285,106300,329,unsat,35.795287266,0.004336818000012954
f2,20,41056,412594,117158,345,unsat,39.33289010499999,0.004228117000025122
f2,21,43080,451671,128544,361,unsat,42.88230976800003,0.004771000999994612
f2,22,45104,492516,140458,377,unsat,46.79407442500002,0.004763017000016134
f2,23,47128,535129,152900,393,unsat,51.419450547,0.004545231999998123
f2,24,49152,579510,165870,409,unsat,55.34305157900002,0.004615333999993254
f2,25,51176,625659,179368,425,unsat,59.109632585999975,0.00379807299998447
f2,26,53200,673576,193394,441,unsat,63.27052520299992,0.0044605939999655675
f2,27,55224,723261,207948,457,unsat,67.92005639299998,0.004992981000100372
f2,28,57248,774714,223030,473,unsat,73.0324461109999,0.0050073959999963336
f2,29,59272,827935,238640,489,unsat,78.53301991800004,0.004884587999981704
f2,30,61296,882924,254778,505,unsat,83.22531753099997,0.004897257000038735
f2,31,63320,939681,271444,521,unsat,87.75536946199998,0.004813220999949408
f2,32,65344,998206,288638,537,unsat,93.75138255799993,0.0056322330001421506
f2,33,67368,1058499,306360,553,unsat,98.09821594999994,0.004525284000010288
f2,34,69392,1120560,324610,569,unsat,104.05023382600007,0.004448606999858384
f2,35,71416,1184389,343388,585,unsat,111.35494482400009,0.005099029999882987
f2,36,73440,1249986,362694,601,unsat,115.99398871799985,0.00469873999986703
f2,37,75464,1317351,382528,617,unsat,121.88212426199993,0.0043980960001590574
f2,38,77488,1386484,402890,633,unsat,126.7224552560001,0.004769977000023573
f2,39,79512,1457385,423780,649,unsat,134.24084928600018,0.004830232000131218
f2,40,81536,1530054,445198,665,unsat,142.64764956399995,0.004785100999924907
f2,41,83560,1604491,467144,681,unsat,149.1713215079999,0.004951549999987037
f2,42,85584,1680696,489618,697,unsat,153.78205583,0.004269158000170137
f2,43,87608,1758669,512620,713,unsat,160.40164957099978,0.0049358599999322905
f2,44,89632,1838410,536150,729,unsat,167.89649188600015,0.004980267000064487
f2,45,91656,1919919,560208,745,unsat,174.39196269800004,0.00474093200000425
f2,46,93680,2003196,584794,761,unsat,183.011031558,0.004917099000067537
f2,47,95704,2088241,609908,777,unsat,191.133016495,0.004947438999806764
f2,48,97728,2175054,635550,793,unsat,197.64187383599983,0.00518296999962331
f2,49,99752,2263635,661720,809,unsat,207.06372407699973,0.005409033999967505
f2,50,101776,2353984,688418,825,unsat,214.7101407480004,0.005263044000002992
f2,51,103800,2446101,715644,841,unsat,223.1796726729999,0.005291551000027539
f2,52,105824,2539986,743398,857,unsat,231.21668927999963,0.004982124999514781
f2,53,107848,2635639,771680,873,unsat,239.14072255099927,0.005193653999413073
f2,54,109872,2733060,800490,889,unsat,247.68005849699966,0.005120062000059988
f2,55,111896,2832249,829828,905,unsat,255.80851305800024,0.005000721999749658
f2,56,113920,2933206,859694,921,unsat,265.69056236400047,0.005067026000688202
f2,57,115944,3035931,890088,937,unsat,275.3092797500003,0.005476143999658234
f2,58,117968,3140424,921010,953,unsat,284.17621743400014,0.005193942999540013
f2,59,119992,3246685,952460,969,unsat,293.6993939389995,0.005157474000043294
f2,60,122016,3354714,984438,985,unsat,303.5188172239996,0.005208435999520589
f2,61,124040,3464511,1016944,1001,unsat,314.4194962619995,0.005291215999932319
f2,62,126064,3576076,1049978,1017,unsat,322.75506883400067,0.0055350229995383415
f2,63,128088,3689409,1083540,1033,unsat,333.13937746900046,0.005036383000515343
f2,64,130112,3804510,1117630,1049,unsat,343.11684992700066,0.004947217000335513
f2,65,132136,3921379,1152248,1065,unsat,353.16107625400036,0.0049864310003613355
f2,66,134160,4040016,1187394,1081,unsat,364.11209212599897,0.00507259299956786
f2,67,136184,4160421,1223068,1097,unsat,375.3792885310013,0.005107674998725997
f2,68,138208,4282594,1259270,1113,unsat,385.7260175579995,0.005280561999825295
f2,69,140232,4406535,1296000,1129,unsat,396.83525204299985,0.004798620999281411
f2,70,142256,4532244,1333258,1145,unsat,409.05422993400134,0.005054883000411792
f2,71,144280,4659721,1371044,1161,unsat,417.6519674739993,0.004925353001453914
f2,72,146304,4788966,1409358,1177,unsat,431.52415828300036,0.004892292001386522
f2,73,148328,4919979,1448200,1193,unsat,440.23817494300056,0.0050594830008776626
f2,74,150352,5052760,1487570,1209,unsat,455.40056727199953,0.004853767000895459
f2,75,152376,5187309,1527468,1225,unsat,464.4838795809992,0.005273206001220387
f2,76,154400,5323626,1567894,1241,unsat,478.0680872639987,0.004395338999529486
f2,77,156424,5461711,1608848,1257,unsat,488.5949550530004,0.004940345999784768
f2,78,158448,5601564,1650330,1273,unsat,502.6409298990002,0.004909098999632988
f2,79,160472,5743185,1692340,1289,unsat,516.5359574250015,0.005021920000217506
f2,80,162496,5886574,1734878,1305,unsat,527.6729578060003,0.0050518590014689835
f2,81,164520,6031731,1777944,1321,unsat,542.5716077540001,0.005041829999754555
f2,82,166544,6178656,1821538,1337,unsat,554.2659111199991,0.00517362499886076
f2,83,168568,6327349,1865660,1353,unsat,570.1204767509989,0.005003038000722881
f2,84,170592,6477810,1910310,1369,unsat,579.6523772690016,0.005250305999652483
f2,85,172616,6630039,1955488,1385,unsat,596.3496640820013,0.005040112999267876
f2,86,174640,6784036,2001194,1401,unsat,603.7393811850015,0.0040603840025141835
f2,87,176664,6939801,2047428,1417,unsat,618.6198994890001,0.004053275999467587
f2,88,178688,7097334,2094190,1433,unsat,631.1578549810001,0.0039705379967927
f2,89,180712,7256635,2141480,1449,unsat,646.1155603719999,0.00497045399970375
f2,90,182736,7417704,2189298,1465,unsat,661.3722524320001,0.004029061001347145
f2,91,184760,7580541,2237644,1481,unsat,677.0382518490005,0.004016496000986081
f2,92,186784,7745146,2286518,1497,unsat,690.2715969230012,0.0040017879982769955
f2,93,188808,7911519,2335920,1513,unsat,695.1378607169972,0.004019542997411918
f2,94,190832,8079660,2385850,1529,unsat,703.3129506020014,0.004097934001038084
f2,95,192856,8249569,2436308,1545,unsat,719.6473829360002,0.004072652001923416
f2,96,194880,8421246,2487294,1561,unsat,733.4773249319987,0.004067588000907563
f2,97,196904,8594691,2538808,1577,unsat,752.6447225920019,0.004085041997313965
f2,98,198928,8769904,2590850,1593,unsat,767.5412822949984,0.004038159997435287
f2,99,200952,8946885,2643420,1609,unsat,780.8056677739987,0.004044735000206856
f2,100,202976,9125634,2696518,1625,unsat,788.1908468190013,0.003951703998609446
