id,k,ModelConstraintSize,FormulaConstraintSize,TranslationSize,FullSeparation,Result,Generation,Solving
f1,1,1117,465,84,8,unsat,0.20946949800000003,0.006421175000000001
f1,2,1898,950,185,12,unsat,0.233064363,0.0075456079999999814
f1,3,2679,1595,322,16,unsat,0.349855964,0.008992332000000047
f1,4,3460,2400,495,20,unsat,0.49238557800000005,0.011469542999999804
f1,5,4241,3365,704,24,unsat,0.6254277170000002,0.013396234000000007
f1,6,5022,4490,949,28,unsat,0.7954638730000001,0.016560479999999878
f1,7,5803,5775,1230,32,unsat,0.9686608310000002,0.01960337900000031
f1,8,6584,7220,1547,36,unsat,1.1384864290000003,0.02343254399999939
f1,9,7365,8825,1900,40,unsat,1.337109591,0.02800573499999981
f1,10,8146,10590,2289,44,unsat,1.5780422710000002,0.03295171099999994
f1,11,8927,12515,2714,48,unsat,1.7735190949999993,0.03759239199999875
f1,12,9708,14600,3175,52,unsat,2.0097965449999986,0.0442013199999991
f1,13,10489,16845,3672,56,unsat,2.288255168000001,0.0506178859999995
f1,14,11270,19250,4205,60,unsat,2.5991053939999986,0.05702657099999797
f1,15,12051,21815,4774,64,unsat,2.858273222000001,0.0684353790000003
f1,16,12832,24540,5379,68,unsat,3.2171719769999996,0.07746306400000336
f1,17,13613,27425,6020,72,unsat,3.435041948000002,0.08674919599999953
f1,18,14394,30470,6697,76,unsat,3.7557325850000005,0.09807952899999961
f1,19,15175,33675,7410,80,unsat,4.127274802999999,0.10818624899999918
f1,20,15956,37040,8159,84,unsat,4.450058559999995,0.12274098000000322
f1,21,16737,40565,8944,88,unsat,4.878955920999999,0.1372421859999946
f1,22,17518,44250,9765,92,unsat,5.188829060000003,0.15042905199999979
f1,23,18299,48095,10622,96,unsat,5.667908465000004,0.16119960700000036
f1,24,19080,52100,11515,100,unsat,5.992093896,0.17753400499999827
f1,25,19861,56265,12444,104,unsat,6.7603101729999935,0.1936855229999992
f1,26,20642,60590,13409,108,unsat,6.912731371000007,0.20794925399999897
f1,27,21423,65075,14410,112,unsat,7.272998850999997,0.2253542070000094
f1,28,22204,69720,15447,116,unsat,7.782214518999993,0.24936123800000587
f1,29,22985,74525,16520,120,unsat,8.360799743000001,0.27472481699999207
f1,30,23766,79490,17629,124,unsat,8.810388705999998,0.3045494039999994
f1,31,24547,84615,18774,128,unsat,9.233665668,0.33030927500000473
f1,32,25328,89900,19955,132,unsat,9.818227507000003,0.33577203499999086
f1,33,26109,95345,21172,136,unsat,10.241332749999998,0.3551543379999771
f1,34,26890,100950,22425,140,unsat,10.963565745000011,0.39276069199999597
f1,35,27671,106715,23714,144,unsat,11.390216654999989,0.3999159579999798
f1,36,28452,112640,25039,148,unsat,12.135246419999987,0.4427713229999881
f1,37,29233,118725,26400,152,unsat,12.576238372999995,0.47681399599997576
f1,38,30014,124970,27797,156,unsat,13.196763374,0.5148576360000163
f1,39,30795,131375,29230,160,unsat,13.728063407999997,0.5513561260000017
f1,40,31576,137940,30699,164,unsat,14.514940660999997,0.5858835969999916
f1,41,32357,144665,32204,168,unsat,15.026447280000014,0.6308300249999945
f1,42,33138,151550,33745,172,unsat,15.68696173799998,0.6540183149999734
f1,43,33919,158595,35322,176,unsat,16.414375178,0.7464981089999583
f1,44,34700,165800,36935,180,unsat,17.04084519700001,0.7621841000000131
f1,45,35481,173165,38584,184,unsat,17.800927524999963,0.8144788239999912
f1,46,36262,180690,40269,188,unsat,18.546123336999983,0.8316920550000191
f1,47,37043,188375,41990,192,unsat,19.19074009899998,0.9463142590000189
f1,48,37824,196220,43747,196,unsat,20.095948937000003,0.9501085169999897
f1,49,38605,204225,45540,200,unsat,20.73282746800004,1.0071219129999918
f1,50,39386,212390,47369,204,unsat,21.502012383999954,1.0584811049999985
f1,51,40167,220715,49234,208,unsat,22.293314350000003,1.1239384689999952
f1,52,40948,229200,51135,212,unsat,23.176599755999973,1.1816846319999854
f1,53,41729,237845,53072,216,unsat,23.987030221999987,1.247966501999997
f1,54,42510,246650,55045,220,unsat,24.942200311999954,1.3185164940000504
f1,55,43291,255615,57054,224,unsat,25.54754729199999,1.4003123469999537
f1,56,44072,264740,59099,228,unsat,26.716706606000002,1.4703025200000184
f1,57,44853,274025,61180,232,unsat,27.280712905999962,1.56018920300005
f1,58,45634,283470,63297,236,unsat,28.484823613000003,1.5938907340000696
f1,59,46415,293075,65450,240,unsat,29.205753985,1.6773953189999702
f1,60,47196,302840,67639,244,unsat,30.86702755099998,1.7516447119999157
f1,61,47977,312765,69864,248,unsat,30.96250236900005,1.8563613999999689
f1,62,48758,322850,72125,252,unsat,32.01601644200002,1.9988458290000608
f1,63,49539,333095,74422,256,unsat,32.97031760699997,2.056074790000025
f1,64,50320,343500,76755,260,unsat,34.02484940299996,2.129808097000023
f1,65,51101,354065,79124,264,unsat,34.94089926000004,2.269152122000037
f1,66,51882,364790,81529,268,unsat,35.963046504999966,2.4286525889999666
f1,67,52663,375675,83970,272,unsat,36.84506202,2.4261658629999374
f1,68,53444,386720,86447,276,unsat,37.945199377999984,2.5305993270000045
f1,69,54225,397925,88960,280,unsat,39.02875256999994,2.654978687000039
f1,70,55006,409290,91509,284,unsat,39.96917457599989,2.8037432469998294
f1,71,55787,420815,94094,288,unsat,41.187164962,2.834362725999881
f1,72,56568,432500,96715,292,unsat,42.54017808899994,3.0980268519999754
f1,73,57349,444345,99372,296,unsat,43.55007287499984,3.096521118000055
f1,74,58130,456350,102065,300,unsat,44.641532151999854,3.21910465499991
f1,75,58911,468515,104794,304,unsat,45.83249941200006,3.3993271780000214
f1,76,59692,480840,107559,308,unsat,46.785556785999916,3.506132581999964
f1,77,60473,493325,110360,312,unsat,48.460592471000155,3.7196108059999915
f1,78,61254,505970,113197,316,unsat,49.266687937999905,3.748356721999926
f1,79,62035,518775,116070,320,unsat,50.59170689200005,3.955114717000015
f1,80,62816,531740,118979,324,unsat,52.00937605599984,4.139538398000013
f1,81,63597,544865,121924,328,unsat,52.97875952000004,4.288465397999971
f1,82,64378,558150,124905,332,unsat,54.33308575399997,4.457986339999934
f1,83,65159,571595,127922,336,unsat,55.131675005000034,4.552539425000077
f1,84,65940,585200,130975,340,unsat,56.267910895000114,4.683221361000051
f1,85,66721,598965,134064,344,unsat,57.90790566700002,4.879788172999952
f1,86,67502,612890,137189,348,unsat,59.02390927900001,5.100412879000032
f1,87,68283,626975,140350,352,unsat,60.61656217100017,5.317485347999991
f1,88,69064,641220,143547,356,unsat,62.379703126000095,5.495723586000167
f1,89,69845,655625,146780,360,unsat,63.0625151309996,5.744592714000191
f1,90,70626,670190,150049,364,unsat,64.05080159399995,6.01358012899982
f1,91,71407,684915,153354,368,unsat,65.85798033099991,6.179732296000111
f1,92,72188,699800,156695,372,unsat,67.08782415699989,6.276369495999916
f1,93,72969,714845,160072,376,unsat,68.40519784699973,6.60541726800011
f1,94,73750,730050,163485,380,unsat,69.76138226000012,6.874429266999869
f1,95,74531,745415,166934,384,unsat,71.12597055300012,6.924150510000345
f1,96,75312,760940,170419,388,unsat,73.2192488820001,7.230354593999891
f1,97,76093,776625,173940,392,unsat,74.24099424700034,7.46627713099997
f1,98,76874,792470,177497,396,unsat,75.55113125700018,7.781767942999977
f1,99,77655,808475,181090,400,unsat,77.42126517499992,7.848139994999656
f1,100,78436,824640,184719,404,unsat,78.87972253099997,8.378298442999949
