k,ModelConstraintSize,Result,Generation,Solving
1,822,unsat,0.12485740900001474,0.006386245999692619
2,1451,unsat,0.1603070060000391,0.007329403000312595
3,2080,unsat,0.22520780800005014,0.00885646100005033
4,2709,unsat,0.2898118120001527,0.010426799000015308
5,3338,unsat,0.35534782800004905,0.013108993000059854
6,3967,unsat,0.4199706540002808,0.014274506000219844
7,4596,unsat,0.4860871370001405,0.014819993999935832
8,5225,unsat,0.5495121409999228,0.015051984999900014
9,5854,unsat,0.6113953920003041,0.015487869000025967
10,6483,unsat,0.6762643329998355,0.015041352000025654
11,7112,unsat,0.7387384960002237,0.016124554999805696
12,7741,unsat,0.8017026580000675,0.01659548099996755
13,8370,unsat,0.8693925600000512,0.01693102200033536
14,8999,unsat,1.0288120340001115,0.01676489400006176
15,9628,unsat,1.0371505269999943,0.01788059099999373
16,10257,unsat,1.1021187309997913,0.0183953969999493
17,10886,unsat,1.16749885299987,0.01895007600023746
18,11515,unsat,1.233183299999837,0.019021144999896933
19,12144,unsat,1.2604653179996603,0.019204674000320665
20,12773,unsat,1.3163083210001787,0.019370759999674192
21,13402,unsat,1.3779026670003987,0.01959694600009243
22,14031,unsat,1.4439152570002989,0.020652586999858613
23,14660,unsat,1.5136685259999467,0.02085036200014656
24,15289,unsat,1.5874502810002014,0.02204346300004545
25,15918,unsat,1.6508507329999702,0.021845465999831504
1,822,unsat,0.1231252789998507,0.006148257999939233
2,1451,unsat,0.15808511999966868,0.00715682600002765
3,2080,unsat,0.22403840099968875,0.00838741100005791
4,2709,unsat,0.2881566080000084,0.009880952999992587
5,3338,unsat,0.3549474989999908,0.011041363999993337
26,16547,unsat,1.7112675949997538,0.022634921000189934
6,3967,unsat,0.42228392800006986,0.01388887099983549
7,4596,unsat,0.4811144730001615,0.012446625999928074
8,5225,unsat,0.5468421559999115,0.012439601000096445
27,17176,unsat,1.7760662159998901,0.022704862999944453
9,5854,unsat,0.6128497000004245,0.01373648700018748
10,6483,unsat,0.6735769120000441,0.013782621999780531
11,7112,unsat,0.7386801060001744,0.0143453989999216
28,17805,unsat,1.9158897219999744,0.023055737000049703
12,7741,unsat,0.8027744869996241,0.0146032039997408
13,8370,unsat,0.8686027989997456,0.015062147999742592
29,18434,unsat,1.8919734000000972,0.023244304999934684
14,8999,unsat,0.9312165669998649,0.015342252000209555
15,9628,unsat,0.9963211199997204,0.01599230100009663
30,19063,unsat,1.9665615700000671,0.02449912799966114
16,10257,unsat,1.06891610699995,0.016479965999678825
17,10886,unsat,1.1245447520000198,0.016821995000100287
31,19692,unsat,2.033235153000078,0.025021354000273277
18,11515,unsat,1.1945345430003727,0.017120535999765707
19,12144,unsat,1.2624902759998804,0.017977731999962998
32,20321,unsat,2.094485959999929,0.025329219000013836
20,12773,unsat,1.3281710569999632,0.018240925000100106
33,20950,unsat,2.1910647469999276,0.02598462300011306
21,13402,unsat,1.3887524480001048,0.018619714000124077
22,14031,unsat,1.4663980159998573,0.03208682800004681
34,21579,unsat,2.2349832019999667,0.025908209000135685
23,14660,unsat,1.5530841269996927,0.01939132300003621
35,22208,unsat,2.40776397000036,0.025641575000008743
24,15289,unsat,1.5926508590000594,0.01938580699970771
25,15918,unsat,1.706642618999922,0.020339968999905977
36,22837,unsat,2.357170758999928,0.027361930000097345
26,16547,unsat,1.7658500279999316,0.020596675000433606
37,23466,unsat,2.4255556060002164,0.02718636100007643
27,17176,unsat,1.8696407360002922,0.02034344699995927
38,24095,unsat,2.471333846000107,0.02703798899983667
28,17805,unsat,1.8268598659997224,0.020824844000344456
29,18434,unsat,1.895814522999899,0.02116849200001525
39,24724,unsat,2.5288762060004046,0.02742997799987279
30,19063,unsat,1.9600198180000916,0.02152916600016397
40,25353,unsat,2.6453237089999675,0.026182627999787655
31,19692,unsat,2.0263793550002447,0.02146259800019834
41,25982,unsat,2.665497353000319,0.02927834999991319
32,20321,unsat,2.145575583000209,0.02239596400022492
33,20950,unsat,2.147302143000161,0.022402845000215166
42,26611,unsat,2.727455350999662,0.02825869199978115
34,21579,unsat,2.2191404489999513,0.02295817399999578
43,27240,unsat,2.8508718550001504,0.02962770299973272
35,22208,unsat,2.3303661079999074,0.02441281599976719
44,27869,unsat,2.8616706979996707,0.029628596999828005
36,22837,unsat,2.35690823799996,0.028127812999628077
45,28498,unsat,2.955627062000076,0.030236319999858097
37,23466,unsat,2.448265679999622,0.025026903999787464
46,29127,unsat,2.977947806999964,0.030657009999686125
38,24095,unsat,2.566382599999997,0.0247209459998885
39,24724,unsat,2.529880177999985,0.025618341000154032
47,29756,unsat,3.06844008500002,0.031503338999755215
40,25353,unsat,2.602435759999935,0.0262841449998632
48,30385,unsat,3.111678352999661,0.031606782999915595
41,25982,unsat,2.7454619929999353,0.026620873999945616
49,31014,unsat,3.2763383900000917,0.03209550199972
42,26611,unsat,2.734509813999921,0.027314968000155204
50,31643,unsat,3.2292879900001026,0.03263438900012261
43,27240,unsat,2.853952367000147,0.027674276999732683
51,32272,unsat,3.3307308789999297,0.03333868299978349
44,27869,unsat,2.8557491560000017,0.02808013799995024
52,32901,unsat,3.4510900079999374,0.04060450299994045
45,28498,unsat,2.9598364700000275,0.028389914999934263
46,29127,unsat,2.9886129569999866,0.02854782399981559
53,33530,unsat,3.5380074409999906,0.034286925999822415
47,29756,unsat,3.045492586000364,0.028863946000001306
54,34159,unsat,3.532476351999776,0.034274965999884444
48,30385,unsat,3.1242706009998074,0.029936456000086764
55,34788,unsat,3.635782618999656,0.03515045199992528
49,31014,unsat,3.170978025000295,0.03018559499969342
56,35417,unsat,3.633887976999631,0.034863762999975734
50,31643,unsat,3.2563626890000705,0.031050985000092624
57,36046,unsat,3.7589290219998475,0.036386383999797545
51,32272,unsat,3.3128863510000883,0.031224178000229585
58,36675,unsat,3.750371033999727,0.03680993199986915
52,32901,unsat,3.4694870309999715,0.03699527599974317
59,37304,unsat,3.8320731150001848,0.037941578999834746
53,33530,unsat,3.436091076000139,0.03204602200003137
54,34159,unsat,3.5309256489999825,0.03259601600029782
60,37933,unsat,3.9136494110002786,0.03748597699996026
55,34788,unsat,3.6882065879999573,0.03280926899969927
61,38562,unsat,3.974422114999925,0.03786052500026926
56,35417,unsat,3.640114982000341,0.03359931399972993
62,39191,unsat,4.072389244000078,0.03925376300003336
57,36046,unsat,3.6886089210001956,0.038810915000340174
63,39820,unsat,4.080486661000123,0.03853406100006396
58,36675,unsat,3.747660292999626,0.034563212000193744
64,40449,unsat,4.141527173000213,0.04750332499997967
59,37304,unsat,3.823245250999662,0.03570960700017167
65,41078,unsat,4.224013316999844,0.037582442999791965
60,37933,unsat,3.976265147000049,0.035825353000291216
66,41707,unsat,4.343614689000333,0.04060987200000454
61,38562,unsat,3.951033283000015,0.036642950999976165
67,42336,unsat,4.459307357999933,0.04087218499989831
62,39191,unsat,4.02020131800009,0.03719496799976696
68,42965,unsat,4.467603261000022,0.0412459599997419
63,39820,unsat,4.090892260000146,0.03738084399992658
69,43594,unsat,4.569247640999947,0.0394477720001305
64,40449,unsat,4.135763566000151,0.03732285500018406
70,44223,unsat,4.52438601699987,0.04164350400014882
65,41078,unsat,4.279746408999927,0.03759571099999448
66,41707,unsat,4.246684004000144,0.03495309499976429
71,44852,unsat,4.641429647000223,0.042928352000217274
67,42336,unsat,4.3328155459998925,0.03923143599968171
72,45481,unsat,4.619827157000145,0.042752600999847346
68,42965,unsat,4.3964878199999475,0.04054937399996561
73,46110,unsat,4.772100271999989,0.04476333499997054
69,43594,unsat,4.532407515999694,0.04120011900022291
74,46739,unsat,4.772062776999974,0.04602796800008946
70,44223,unsat,4.564790479999829,0.0443333690000145
75,47368,unsat,4.901627771999756,0.047158322999621305
71,44852,unsat,4.625115085999823,0.04282025700013037
76,47997,unsat,5.092317945000104,0.04674715600003765
72,45481,unsat,4.724777611000263,0.0408645309998974
77,48626,unsat,4.985765992999859,0.047668949000126304
73,46110,unsat,4.747558316999857,0.04434073599986732
78,49255,unsat,5.121897106000233,0.04688229799967303
74,46739,unsat,4.822740602999602,0.04406558500022584
79,49884,unsat,5.168681404999916,0.04962540299993634
75,47368,unsat,4.893147701000089,0.04443391900031202
80,50513,unsat,5.17934722200016,0.04775890499968227
76,47997,unsat,5.054215587999806,0.04427496800008157
81,51142,unsat,5.452105206999931,0.05037543199978245
77,48626,unsat,4.996006513999873,0.04491269799973452
82,51771,unsat,5.500391361000311,0.05016987499993775
78,49255,unsat,5.05803830900004,0.04428785800018886
83,52400,unsat,5.372006085000066,0.05061798299993825
79,49884,unsat,5.127808000999721,0.0459562169999117
84,53029,unsat,5.500310986999921,0.05232103800017285
80,50513,unsat,5.273916506000205,0.04698677599981238
85,53658,unsat,5.516129489000377,0.054100431999813736
81,51142,unsat,5.32957065499977,0.04411397800004124
82,51771,unsat,5.375086931000169,0.04704534199981936
86,54287,unsat,5.58275648100016,0.05114897100020244
83,52400,unsat,5.440701615999842,0.04740085999992516
87,54916,unsat,5.668936310999925,0.050953724999999395
84,53029,unsat,5.4494968819999485,0.047108410999953776
88,55545,unsat,5.701926701000048,0.0473988220001047
85,53658,unsat,5.475837272999797,0.047084688000268216
89,56174,unsat,5.905272722000063,0.051777267000034044
86,54287,unsat,5.677700450999964,0.045148602000153915
90,56803,unsat,5.824601122999866,0.05070049400001153
87,54916,unsat,5.7487826930000665,0.04965835800021523
91,57432,unsat,5.875715464000223,0.05295894000028056
88,55545,unsat,5.711957655000333,0.04925359600019874
92,58061,unsat,5.941373947000102,0.053819125999780226
89,56174,unsat,5.756004616000155,0.04972887299982176
93,58690,unsat,5.992231967999942,0.05373346500027765
90,56803,unsat,5.867429942999934,0.05108880699981455
94,59319,unsat,6.077565255000081,0.05405317499980811
91,57432,unsat,6.033202611999968,0.05121509899981902
95,59948,unsat,6.130600138999853,0.05562378599961448
92,58061,unsat,5.9445295359996635,0.05157615699999951
96,60577,unsat,6.1957459090003795,0.05580323200001658
93,58690,unsat,5.999227794000035,0.05220059499970375
97,61206,unsat,6.3124815569999555,0.055817442999796185
94,59319,unsat,6.068238186000144,0.05214237199970739
98,61835,unsat,6.421059419999892,0.05628873300020132
95,59948,unsat,6.116700883000249,0.05281865000006292
99,62464,unsat,6.434906648999913,0.0668400740000834
96,60577,unsat,6.208427239999764,0.05351456800008236
100,63093,unsat,6.443512871000166,0.05443211700003303
97,61206,unsat,6.255159135000213,0.05435433100001319
98,61835,unsat,6.422186550999868,0.05552375300021595
99,62464,unsat,6.481916268000077,0.056276724000326794
100,63093,unsat,6.551991089999774,0.05730969600017488
