id,k,ModelConstraintSize,FormulaConstraintSize,TranslationSize,FullSeparation,Result,Generation,Solving
f2,1,1605,5047,1141,44,unsat,0.637786162,0.016021932000000016
f2,2,2630,8962,2546,63,unsat,1.040112048,0.03737928600000018
f2,3,3655,14025,4479,82,unsat,1.7208747290000002,0.040568230999999955
f2,4,4680,20236,6940,101,unsat,2.213676429,0.056524746000000015
f2,5,5705,27595,9929,120,unsat,3.078830002,0.0802570350000007
f2,6,6730,36102,13446,139,unsat,3.961885131999999,0.10366078300000048
f2,7,7755,45757,17491,158,unsat,4.803437933,0.1395273649999993
f2,8,8780,56560,22064,177,unsat,5.930700465000001,0.17745791400000144
f2,9,9805,68511,27165,196,unsat,7.104948319999998,0.21498706500000253
f2,10,10830,81610,32794,215,unsat,8.491081260999998,0.25565525200000394
f2,11,11855,95857,38951,234,unsat,9.880124156,0.3453851390000011
f2,12,12880,111252,45636,253,unsat,11.483367179999995,0.3662855649999983
f2,13,13905,127795,52849,272,unsat,12.976768132999993,0.4459164010000052
f2,14,14930,145486,60590,291,unsat,14.895235962000001,0.5167178020000023
f2,15,15955,164325,68859,310,unsat,16.681656356999994,0.6087182530000064
f2,16,16980,184312,77656,329,unsat,18.546271109999992,0.7145211859999989
f2,17,18005,205447,86981,348,unsat,20.696346065000014,0.8534509360000015
f2,18,19030,227730,96834,367,unsat,22.763265402000002,0.9296350300000142
f2,19,20055,251161,107215,386,unsat,25.12535272400001,1.0859361879999767
f2,20,21080,275740,118124,405,unsat,27.51796708499998,1.2202655119999974
f2,21,22105,301467,129561,424,unsat,30.150538030999996,1.3617505390000133
f2,22,23130,328342,141526,443,unsat,32.89302597999995,1.5633825329999809
f2,23,24155,356365,154019,462,unsat,35.38491062999998,1.7377974419999873
f2,24,25180,385536,167040,481,unsat,38.447000394999975,2.0164337740000065
f2,25,26205,415855,180589,500,unsat,41.610495698999955,2.212111660000005
f2,26,27230,447322,194666,519,unsat,44.234429911999996,2.411895431000005
f2,27,28255,479937,209271,538,unsat,47.538471302000005,2.6602645079999547
f2,28,29280,513700,224404,557,unsat,50.92192722200002,2.9893717660000902
f2,29,30305,548611,240065,576,unsat,54.344893695999986,3.245089693999944
f2,30,31330,584670,256254,595,unsat,57.861471526999935,3.577291145000004
f2,31,32355,621877,272971,614,unsat,61.71660791199997,3.9463977859999204
f2,32,33380,660232,290216,633,unsat,65.36152987100002,4.30864241200004
f2,33,34405,699735,307989,652,unsat,69.02161142700004,4.629117579000081
f2,34,35430,740386,326290,671,unsat,73.25332013699995,5.038610242999994
f2,35,36455,782185,345119,690,unsat,78.01490161499999,5.62097809099987
f2,36,37480,825132,364476,709,unsat,82.12358572800008,6.128639493000037
f2,37,38505,869227,384361,728,unsat,86.40314371499994,6.523902540000108
f2,38,39530,914470,404774,747,unsat,90.87082527999996,7.965567706000002
f2,39,40555,960861,425715,766,unsat,95.306959946,7.9725163690000045
f2,40,41580,1008400,447184,785,unsat,100.7043654040001,9.46428591400013
f2,41,42605,1057087,469181,804,unsat,104.7088038899999,11.154211105000059
f2,42,43630,1106922,491706,823,unsat,109.088204206,23.64544673399996
f2,43,44655,1157905,514759,842,unsat,115.07256058600001,17.421084490999874
f2,44,45680,1210036,538340,861,unsat,120.39340889599998,19.17582254800027
f2,45,46705,1263315,562449,880,unsat,126.75525208299996,21.967556407999837
f2,46,47730,1317742,587086,899,unsat,130.32094918500025,29.128580496999803
f2,47,48755,1373317,612251,918,unsat,135.06013155900018,35.09630984500018
f2,48,49780,1430040,637944,937,unsat,141.85900233599978,31.50913778500035
f2,49,50805,1487911,664165,956,unsat,147.4556240840002,29.70003686600012
f2,50,51830,1546930,690914,975,unsat,151.9241534329999,31.100754210000105
f2,51,52855,1607097,718191,994,unsat,157.06311736900034,49.02517743699991
f2,52,53880,1668412,745996,1013,unsat,163.66242201199975,51.67198078899992
f2,53,54905,1730875,774329,1032,unsat,169.88016499499963,34.353243179999936
f2,54,55930,1794486,803190,1051,unsat,174.2640283730002,29.89511467600005
f2,55,56955,1859245,832579,1070,unsat,180.1892249560001,51.99146859600023
f2,56,57980,1925152,862496,1089,unsat,186.33589841699995,51.863343425000494
f2,57,59005,1992207,892941,1108,unsat,194.19829512900014,58.43817238500014
f2,58,60030,2060410,923914,1127,unsat,200.3463926200002,65.25456886200027
f2,59,61055,2129761,955415,1146,unsat,206.81030600899976,66.22703803100012
f2,60,62080,2200260,987444,1165,unsat,215.61368928499996,72.99404062200028
f2,61,63105,2271907,1020001,1184,unsat,221.79342829100005,29.041120562000287
f2,62,64130,2344702,1053086,1203,unsat,225.30958983599976,29.879395431000376
f2,63,65155,2418645,1086699,1222,unsat,233.48087076399952,35.43606496400025
f2,64,66180,2493736,1120840,1241,unsat,239.21803260499928,36.8054614950006
f2,65,67205,2569975,1155509,1260,unsat,247.21557439700064,37.37780231200031
f2,66,68230,2647362,1190706,1279,unsat,260.75076545699994,40.96370124999976
f2,67,69255,2725897,1226431,1298,unsat,268.5926816860001,41.81845088800037
f2,68,70280,2805580,1262684,1317,unsat,269.0114685839999,58.12897239599988
f2,69,71305,2886411,1299465,1336,unsat,292.54350038600023,50.443208939000215
f2,70,72330,2968390,1336774,1355,unsat,295.7855413040006,54.845119865000015
f2,71,73355,3051517,1374611,1374,unsat,302.71833140700073,56.76611448100084
f2,72,74380,3135792,1412976,1393,unsat,302.5051157760008,72.70218689899957
f2,73,75405,3221215,1451869,1412,unsat,313.8793749160013,89.9782180939983
f2,74,76430,3307786,1491290,1431,unsat,327.2296463019993,71.8060715470001
f2,75,77455,3395505,1531239,1450,unsat,334.2011516599996,74.01010520300042
f2,76,78480,3484372,1571716,1469,unsat,342.56694682499983,134.96935915699942
f2,77,79505,3574387,1612721,1488,unsat,349.2522511620009,145.08363883099992
f2,78,80530,3665550,1654254,1507,unsat,362.0145014720001,75.24711328400008
f2,79,81555,3757861,1696315,1526,unsat,369.81504945600136,78.10192615800042
f2,80,82580,3851320,1738904,1545,unsat,372.73005495100006,123.61031140700106
f2,81,83605,3945927,1782021,1564,unsat,373.6284935929998,152.45411632800096
f2,82,84630,4041682,1825666,1583,unsat,385.0486587430005,107.94646464899961
f2,83,85655,4138585,1869839,1602,unsat,395.43217907300095,108.51942790999965
f2,84,86680,4236636,1914540,1621,unsat,401.2487131170001,173.87867513200035
f2,85,87705,4335835,1959769,1640,unsat,411.4503532010003,120.40054475299985
f2,86,88730,4436182,2005526,1659,unsat,422.0375854040012,214.51922075199946
f2,87,89755,4537677,2051811,1678,unsat,430.8492390319989,214.79007188800097
f2,88,90780,4640320,2098624,1697,unsat,442.3771359309976,146.25303059100042
f2,89,91805,4744111,2145965,1716,unsat,450.8951134449999,228.53265057799945
f2,90,92830,4849050,2193834,1735,unsat,460.53533146300106,240.2713022300013
f2,91,93855,4955137,2242231,1754,unsat,470.1863807080008,194.10890851899967
f2,92,94880,5062372,2291156,1773,unsat,480.7494663969992,325.5796330500016
f2,93,95905,5170755,2340609,1792,unsat,492.87395964299867,292.52237861699905
f2,94,96930,5280286,2390590,1811,unsat,500.3175093259997,338.0930422320016
f2,95,97955,5390965,2441099,1830,unsat,513.7625510729995,288.9589084950021
