id,k,ModelConstraintSize,FormulaConstraintSize,TranslationSize,FullSeparation,Result,Generation,Solving
f0,1,1484,465,84,8,unsat,0.23229312000000002,0.012479888999999994
f0,2,2429,950,185,12,unsat,0.281374368,0.031291933999999966
f0,3,3374,1595,322,16,unsat,0.41302740400000004,12.30342227
f0,4,4319,2400,495,20,unsat,0.5608985410000003,12.394705355
f0,5,5264,3365,704,24,unsat,0.7660140770000012,11.576455978999999
f0,6,6209,4490,949,28,unsat,0.8979553389999992,12.340333285000007
f0,7,7154,5775,1230,32,unsat,1.095251808999997,11.229568237999999
f0,8,8099,7220,1547,36,unsat,1.289048820000005,11.727481286
f0,9,9044,8825,1900,40,unsat,1.5097473230000134,12.176622985999998
f0,10,9989,10590,2289,44,unsat,1.8242643189999939,11.639207706000008
f0,11,10934,12515,2714,48,unsat,1.9681401360000024,11.493540887000009
f0,12,11879,14600,3175,52,unsat,2.296485752999999,13.763950800000003
f0,13,12824,16845,3672,56,unsat,2.513476211000011,13.635973801000006
f0,14,13769,19250,4205,60,unsat,2.803379078000006,29.887766717999995
f0,15,14714,21815,4774,64,unsat,3.121486965999992,20.32682597499999
f0,16,15659,24540,5379,68,unsat,3.4563432799999987,20.40906842000001
f0,17,16604,27425,6020,72,unsat,3.764264032,20.607028259999993
f0,18,17549,30470,6697,76,unsat,4.200932695999967,20.255579937999983
f0,19,18494,33675,7410,80,unsat,4.439173342999993,20.529651134000005
f0,20,19439,37040,8159,84,unsat,4.811162367999998,20.248526501000015
f0,21,20384,40565,8944,88,unsat,5.239264794999997,20.651415196000016
f0,22,21329,44250,9765,92,unsat,5.576074068999958,20.713023066000005
f0,23,22274,48095,10622,96,unsat,6.106261623999956,20.680298299000015
f0,24,23219,52100,11515,100,unsat,6.410134668000012,20.94804006800001
f0,25,24164,56265,12444,104,unsat,6.926970381999979,21.053272386000003
f0,26,25109,60590,13409,108,unsat,7.333961502000022,21.30611937399999
f0,27,26054,65075,14410,112,unsat,7.934938106000004,22.789302048999957
f0,28,26999,69720,15447,116,unsat,8.363284133999969,21.801537030999953
f0,29,27944,74525,16520,120,unsat,8.826812124999947,21.38303398000005
f0,30,28889,79490,17629,124,unsat,9.263313302000029,21.67455569399999
f0,31,29834,84615,18774,128,unsat,9.988702476000071,21.82567850700002
f0,32,30779,89900,19955,132,unsat,10.32854897599998,21.757589077000034
f0,33,31724,95345,21172,136,unsat,10.909881145999975,23.35425078200001
f0,34,32669,100950,22425,140,unsat,11.616944880999995,23.729292020999992
f0,35,33614,106715,23714,144,unsat,12.03257332399994,23.725734911000018
f0,36,34559,112640,25039,148,unsat,12.70984954100004,23.162991713999986
f0,37,35504,118725,26400,152,unsat,13.32518342200001,24.449141747999988
f0,38,36449,124970,27797,156,unknown,13.971103040999992,7236.453591079
f0,39,37394,131375,29230,160,unknown,14.578780263000226,6340.373852052
f0,40,38339,137940,30699,164,unknown,15.457469400000264,6068.5930755989975
f0,41,39284,144665,32204,168,unknown,16.047941379001713,6077.768560547
f0,42,40229,151550,33745,172,unknown,16.537399946999358,5996.378373123
