k,ModelConstraintSize,Result,Generation,Solving
1,1115,sat,0.251324345,0.007989322000000021
2,1872,sat,0.214268173,0.006525569000000009
3,2629,sat,0.2937468710000001,0.010255347999999942
4,3386,sat,0.457303821,0.008890802999999892
5,4143,sat,0.4579457950000001,0.015244825999999989
6,4900,sat,0.5377693450000001,0.02006758799999986
7,5657,sat,0.755213511,0.03916687600000035
8,6414,sat,0.8064359110000003,0.052193786999999325
9,7171,sat,0.8648349849999999,0.09311329600000029
10,7928,sat,1.038174766,0.18750295300000008
11,8685,sat,1.3610457969999992,0.40699145800000025
12,9442,sat,1.915162574,0.8985770889999998
13,10199,sat,3.155704362999998,2.0764688599999985
14,10956,sat,5.895286597000002,4.689683715000001
15,11713,sat,14.767936328999998,13.438358870999998
16,12470,sat,36.423743933000004,35.205882371
17,13227,sat,57.254144817999986,55.95372137200002
18,13984,sat,110.784802823,108.581340216
19,14741,sat,217.35059501799998,214.807765132
20,15498,unknown,234.713389548,232.03441277699994
21,16255,unknown,464.137147506,467.364417278
22,17012,unknown,1015.503204093,1027.168515577
23,17769,unknown,2238.9358127879996,2092.286053564
24,18526,unknown,4334.3180499869995,3818.6706161059974
