id,k,ModelConstraintSize,FormulaConstraintSize,TranslationSize,FullSeparation,Result,Generation,Solving
f1,1,1412,6054,1147,42,unsat,0.704770743,10.148211089
f1,2,2321,11541,2503,58,unsat,1.2053991369999988,12.774080281
f1,3,3230,18796,4387,74,unsat,1.8913913309999977,10.978309347
f1,4,4139,27819,6799,90,unsat,2.775505246999998,11.917952869000004
f1,5,5048,38610,9739,106,unsat,3.848024211000002,11.008205378
f1,6,5957,51169,13207,122,unsat,5.0069736559999996,12.419357354999988
f1,7,6866,65496,17203,138,unsat,6.427206949999999,11.157611115999998
f1,8,7775,81591,21727,154,unsat,7.881628500000005,11.991847762000006
f1,9,8684,99454,26779,170,unsat,9.513321664000003,12.26797016499998
f1,10,9593,119085,32359,186,unsat,11.387135582999974,12.425023914999997
f1,11,10502,140484,38467,202,unsat,13.372423798,11.295152504000015
f1,12,11411,163651,45103,218,unsat,15.496172351000013,12.007252985999997
f1,13,12320,188586,52267,234,unsat,17.680785196999977,13.606102622999998
f1,14,13229,215289,59959,250,unsat,20.149914989000024,13.550432634999993
f1,15,14138,243760,68179,266,unsat,23.004742074999967,13.824302783999997
f1,16,15047,273999,76927,282,unsat,25.649026246999995,13.62029534100003
f1,17,15956,306006,86203,298,unsat,28.620929918,12.920279204999986
f1,18,16865,339781,96007,314,unsat,31.726527584999985,14.471937670999978
f1,19,17774,375324,106339,330,unsat,34.94350512599999,13.344315628000004
f1,20,18683,412635,117199,346,unsat,38.440098986000066,14.713749350000057
f1,21,19592,451714,128587,362,unsat,42.01889200400001,14.91611805599996
f1,22,20501,492561,140503,378,unsat,46.02290945499999,15.342298732000017
f1,23,21410,535176,152947,394,unsat,49.715379686000006,14.865326419999974
f1,24,22319,579559,165919,410,unsat,53.999755838000056,16.404237093999996
f1,25,23228,625710,179419,426,unsat,58.0888550709999,17.76814708699999
f1,26,24137,673629,193447,442,unsat,62.474469011,16.907586594999998
f1,27,25046,723316,208003,458,unsat,67.04548093100004,17.97808238000016
