id,k,ModelConstraintSize,FormulaConstraintSize,TranslationSize,FullSeparation,Result,Generation,Solving
f3,1,3046,6096,1189,43,unsat,0.801740474,0.006304870000000018
f3,2,5101,11654,2616,59,unsat,1.446520944,0.007344179000000395
f3,3,7156,19016,4607,75,unsat,2.2078548359999997,0.009549400000000041
f3,4,9211,28182,7162,91,unsat,3.177853463,0.012567350999999505
f3,5,11266,39152,10281,107,unsat,4.3107048489999995,0.016441068999998976
f3,6,13321,51926,13964,123,unsat,5.734589528000001,0.019654158999998117
f3,7,15376,66504,18211,139,unsat,7.16783457,0.02176245600000115
f3,8,17431,82886,23022,155,unsat,8.723426089,0.02479033000000186
f3,9,19486,101072,28397,171,unsat,10.520954450000005,0.029933798000001843
f3,10,21541,121062,34336,187,unsat,12.634261121999998,0.03953803299999947
f3,11,23596,142856,40839,203,unsat,14.781157745000002,0.04295528599999443
f3,12,25651,166454,47906,219,unsat,17.04145034199999,0.047615608000000975
f3,13,27706,191856,55537,235,unsat,19.413063633999997,0.06352842200000453
f3,14,29761,219062,63732,251,unsat,21.994270888000003,0.07469600600001058
f3,15,31816,248072,72491,267,unsat,24.677256159000024,0.09680716200000461
f3,16,33871,278886,81814,283,unsat,27.57007991399999,0.09840181999999231
f3,17,35926,311504,91701,299,unsat,30.822533829000008,0.1132047440000008
f3,18,37981,345926,102152,315,unsat,34.14675943899999,0.12768802499999765
f3,19,40036,382152,113167,331,unsat,37.11399017099998,0.10707572500001561
f3,20,42091,420182,124746,347,unsat,40.20217253699997,0.11779731900003299
f3,21,44146,460016,136889,363,unsat,43.64541286999997,0.14444927200003121
f3,22,46201,501654,149596,379,unsat,47.89137501699997,0.16794772200000807
f3,23,48256,545096,162867,395,unsat,51.929286296999976,0.19509877399997322
f3,24,50311,590342,176702,411,unsat,56.14131278000002,0.2206719199999725
f3,25,52366,637392,191101,427,unsat,60.477021476000004,0.2286898500000234
f3,26,54421,686246,206064,443,unsat,66.03882343700002,0.209290716000055
f3,27,56476,736904,221591,459,unsat,70.8043864230001,0.23953800300000694
f3,28,58531,789366,237682,475,unsat,75.52072996600009,0.32909402600000703
f3,29,60586,843632,254337,491,unsat,80.54550408900002,0.32329635100006726
f3,30,62641,899702,271556,507,unsat,84.98534533200007,0.3618714039999986
f3,31,64696,957576,289339,523,unsat,89.9124443909999,0.3159835110000131
f3,32,66751,1017254,307686,539,unsat,95.6773303309999,0.40456648600002154
f3,33,68806,1078736,326597,555,unsat,101.4437985909999,0.4188531980000789
f3,34,70861,1142022,346072,571,unsat,106.5291137879999,0.4488957420001043
f3,35,72916,1207112,366111,587,unsat,112.49527763399988,0.44180100400012634
f3,36,74971,1274006,386714,603,unsat,118.33248254099999,0.4845357070000773
f3,37,77026,1342704,407881,619,unsat,124.93536506500004,0.5122410379999565
f3,38,79081,1413206,429612,635,unsat,131.15199592999988,0.5643098089999512
f3,39,81136,1485512,451907,651,unsat,138.23661807899998,0.5804403580000326
f3,40,83191,1559622,474766,667,unsat,144.59359165900014,0.5985779550001098
f3,41,85246,1635536,498189,683,unsat,152.44030129500015,0.7006842850000794
f3,42,87301,1713254,522176,699,unsat,159.65965971200012,0.683103593999931
f3,43,89356,1792776,546727,715,unsat,166.27939062199994,0.6473676320001687
f3,44,91411,1874102,571842,731,unsat,175.16351227299992,0.818434750999586
f3,45,93466,1957232,597521,747,unsat,183.70673102699993,0.8089467240001795
f3,46,95521,2042166,623764,763,unsat,190.63434360500014,0.8122303969998939
f3,47,97576,2128904,650571,779,unsat,197.01379970399967,0.9108561689999988
f3,48,99631,2217446,677942,795,unsat,203.3021427159997,0.8504944719998093
f3,49,101686,2307792,705877,811,unsat,211.51837791800017,0.8933880180002234
f3,50,103741,2399942,734376,827,unsat,219.66230927699962,0.9830535870000858
