id,k,ModelConstraintSize,FormulaConstraintSize,TranslationSize,FullSeparation,Result,Generation,Solving
f0,1,2410,465,84,8,unsat,0.295945186,0.003963490999999986
f0,2,4147,950,185,12,unsat,0.406560567,0.0039394279999999116
f0,3,5884,1595,322,16,unsat,0.6142846310000001,0.004306957999999916
f0,4,7621,2400,495,20,unsat,0.817612475,0.004523171999999853
f0,5,9358,3365,704,24,unsat,1.033610785,0.004973526000000117
f0,6,11095,4490,949,28,unsat,1.257399506,0.005180225000000149
f0,7,12832,5775,1230,32,unsat,1.4992801609999997,0.005656751000000071
f0,8,14569,7220,1547,36,unsat,1.7995342499999998,0.006136066999999912
f0,9,16306,8825,1900,40,unsat,2.0320841529999996,0.006701492999999559
f0,10,18043,10590,2289,44,unsat,2.3257753450000003,0.007256122000001142
f0,11,19780,12515,2714,48,unsat,2.6697115710000006,0.007730808999999894
f0,12,21517,14600,3175,52,unsat,2.958239149999999,0.008390237000000411
f0,13,23254,16845,3672,56,unsat,3.3512841659999992,0.009059780999997713
f0,14,24991,19250,4205,60,unsat,3.6979814169999976,0.0103159679999969
f0,15,26728,21815,4774,64,unsat,4.070321612000001,0.010486115999999157
f0,16,28465,24540,5379,68,unsat,4.407911776000002,0.011351511000000869
f0,17,30202,27425,6020,72,unsat,4.838755261999999,0.01297581299999706
f0,18,31939,30470,6697,76,unsat,5.251288181,0.013582382999999254
f0,19,33676,33675,7410,80,unsat,5.635278405999998,0.014083161999998595
f0,20,35413,37040,8159,84,unsat,6.081384550000003,0.015070008999998663
f0,21,37150,40565,8944,88,unsat,6.547377361999999,0.018353724999997212
f0,22,38887,44250,9765,92,unsat,7.085900557999999,0.01792630300001008
f0,23,40624,48095,10622,96,unsat,7.51706496300001,0.019782501999998203
f0,24,42361,52100,11515,100,unsat,8.046542184999993,0.019299148000001765
f0,25,44098,56265,12444,104,unsat,8.501103532000002,0.02146861500000341
f0,26,45835,60590,13409,108,unsat,9.040078068,0.024634039000005714
f0,27,47572,65075,14410,112,unsat,9.553203349,0.02636728100000596
f0,28,49309,69720,15447,116,unsat,10.044754138000002,0.029037558000013064
f0,29,51046,74525,16520,120,unsat,10.672544893999998,0.03090459500000975
f0,30,52783,79490,17629,124,unsat,11.264179718999998,0.03285794399999986
f0,31,54520,84615,18774,128,unsat,11.832374885000007,0.028610186999998177
f0,32,56257,89900,19955,132,unsat,12.430963778000006,0.02994559800001184
f0,33,57994,95345,21172,136,unsat,13.011831995999984,0.03200284100000772
f0,34,59731,100950,22425,140,unsat,13.616833100000008,0.03623094400001037
f0,35,61468,106715,23714,144,unsat,14.285564723999983,0.03600139299999228
f0,36,63205,112640,25039,148,unsat,15.021521798999999,0.036697282999995195
f0,37,64942,118725,26400,152,unsat,15.662193699,0.037266920999996955
f0,38,66679,124970,27797,156,unsat,16.26777384799999,0.038991746000021976
f0,39,68416,131375,29230,160,unsat,16.989411632999975,0.04616616499998827
f0,40,70153,137940,30699,164,unsat,17.762782116999972,0.043923309999968296
f0,41,71890,144665,32204,168,unsat,18.42125702300001,0.045592251000016404
f0,42,73627,151550,33745,172,unsat,19.218174695000016,0.046548443000006046
f0,43,75364,158595,35322,176,unsat,19.906832158999975,0.04916310600003726
f0,44,77101,165800,36935,180,unsat,20.43953449600002,0.04916234099999883
f0,45,78838,173165,38584,184,unsat,21.315034416000003,0.05380415100000846
f0,46,80575,180690,40269,188,unsat,21.855541582,0.05311752300002581
f0,47,82312,188375,41990,192,unsat,22.63796133400001,0.09130210200004285
f0,48,84049,196220,43747,196,unsat,23.693594718000043,0.07062815099999398
f0,49,85786,204225,45540,200,unsat,24.425355974000013,0.07199722499996142
f0,50,87523,212390,47369,204,unsat,25.249143110999967,0.08011662600000591
