id,k,ModelConstraintSize,FormulaConstraintSize,TranslationSize,FullSeparation,Result,Generation,Solving
f0,1,2228,465,84,8,unsat,0.27397878400000003,0.006086641000000004
f0,2,3901,950,185,12,unsat,0.383493928,0.007408274999999964
f0,3,5574,1595,322,16,unsat,0.5770582999999999,0.009616815999999861
f0,4,7247,2400,495,20,unsat,0.8188853929999997,0.011435373999999943
f0,5,8920,3365,704,24,unsat,0.9847101510000003,0.014735593000000158
f0,6,10593,4490,949,28,unsat,1.2142145899999996,0.016958417999999753
f0,7,12266,5775,1230,32,unsat,1.4394636270000003,0.020166565000000247
f0,8,13939,7220,1547,36,unsat,1.7059434940000004,0.0242324199999997
f0,9,15612,8825,1900,40,unsat,1.9778595330000002,0.028073162000000096
f0,10,17285,10590,2289,44,unsat,2.2570796390000005,0.03179429500000097
f0,11,18958,12515,2714,48,unsat,2.5472518639999997,0.03666007300000018
f0,12,20631,14600,3175,52,unsat,2.8368019560000004,0.04092610400000041
f0,13,22304,16845,3672,56,unsat,3.2440642299999993,0.04853682499999934
f0,14,23977,19250,4205,60,unsat,3.5864773770000014,0.05390598099999977
f0,15,25650,21815,4774,64,unsat,3.970389676,0.06059501900000086
f0,16,27323,24540,5379,68,unsat,4.308912914,0.06894321000000048
f0,17,28996,27425,6020,72,unsat,4.713503481000004,0.07823262599999481
f0,18,30669,30470,6697,76,unsat,5.090282148,0.08620545299999804
f0,19,32342,33675,7410,80,unsat,5.5074281859999985,0.09012798499999519
f0,20,34015,37040,8159,84,unsat,5.930604740999996,0.0979317880000039
f0,21,35688,40565,8944,88,unsat,6.356170519000003,0.1172180260000033
f0,22,37361,44250,9765,92,unsat,6.865388619000001,0.11034152300000244
f0,23,39034,48095,10622,96,unsat,7.316829390999999,0.12002445400000283
f0,24,40707,52100,11515,100,unsat,7.769209653999994,0.13054852000000494
f0,25,42380,56265,12444,104,unsat,8.332310354,0.14215580100000125
f0,26,44053,60590,13409,108,unsat,8.765254034000009,0.18064428299999236
f0,27,45726,65075,14410,112,unsat,9.309597088000004,0.19582484300001113
f0,28,47399,69720,15447,116,unsat,9.883385784999987,0.21279901500000165
f0,29,49072,74525,16520,120,unsat,10.368804616999995,0.238921978999997
f0,30,50745,79490,17629,124,unsat,11.012108087000001,0.23575992399997858
f0,31,52418,84615,18774,128,unsat,11.512190726,0.249259942000009
f0,32,54091,89900,19955,132,unsat,12.118002305000005,0.229086604999992
f0,33,55764,95345,21172,136,unsat,12.663561971000007,0.2355007129999933
f0,34,57437,100950,22425,140,unsat,13.345125488000008,0.24908880800001043
f0,35,59110,106715,23714,144,unsat,14.011468361999988,0.2734165550000114
f0,36,60783,112640,25039,148,unsat,14.651269976999998,0.2805394330000013
f0,37,62456,118725,26400,152,unsat,15.240883344999986,0.32906294
f0,38,64129,124970,27797,156,unsat,16.137462725999995,0.3292828170000064
f0,39,65802,131375,29230,160,unsat,16.720747070999977,0.3725791900000104
f0,40,67475,137940,30699,164,unsat,17.341322592999973,0.4050324830000136
f0,41,69148,144665,32204,168,unsat,18.139506053000048,0.39187482700003784
f0,42,70821,151550,33745,172,unsat,18.81506826399999,0.4188200140000049
f0,43,72494,158595,35322,176,unsat,19.54912026400001,0.4308109259999924
f0,44,74167,165800,36935,180,unsat,20.235123129999977,0.4593378299999813
f0,45,75840,173165,38584,184,unsat,20.723431307999988,0.47342675300001247
f0,46,77513,180690,40269,188,unsat,21.470533036000006,0.5115370569999982
f0,47,79186,188375,41990,192,unsat,22.268798517999983,0.5125784499999781
f0,48,80859,196220,43747,196,unsat,23.076156654999977,0.6517907769999738
f0,49,82532,204225,45540,200,unsat,24.000972128,0.6727720310000223
f0,50,84205,212390,47369,204,unsat,24.70316580499997,0.6852018949999774
f0,51,85878,220715,49234,208,unsat,25.674401789,0.671430254000029
f0,52,87551,229200,51135,212,unsat,26.89228871900002,0.8352594780000118
f0,53,89224,237845,53072,216,unsat,27.31765778800002,0.8053999769999791
f0,54,90897,246650,55045,220,unsat,28.35603843199999,0.7897499690000132
f0,55,92570,255615,57054,224,unsat,29.15996743400001,0.7324366179999515
f0,56,94243,264740,59099,228,unsat,30.165395865999926,0.755700475000026
f0,57,95916,274025,61180,232,unsat,30.995436305999988,0.7987120960000311
f0,58,97589,283470,63297,236,unsat,31.80446495600006,0.8171521809999831
f0,59,99262,293075,65450,240,unsat,32.850227098000005,0.9719425279999996
f0,60,100935,302840,67639,244,unsat,34.009085098000014,0.8897431039999901
f0,61,102608,312765,69864,248,unsat,34.71719030099996,1.077737688999946
f0,62,104281,322850,72125,252,unsat,35.76093852000008,1.1381489900001043
f0,63,105954,333095,74422,256,unsat,37.610160854000014,1.6380649630000335
f0,64,107627,343500,76755,260,unsat,38.27833303299997,1.6256682150000188
f0,65,109300,354065,79124,264,unsat,40.765710514000034,1.3421872570000914
f0,66,110973,364790,81529,268,unsat,39.98116225600006,1.1775907889998507
f0,67,112646,375675,83970,272,unsat,40.966004204,1.2429689969999345
f0,68,114319,386720,86447,276,unsat,42.02939938999998,1.3792792399999598
f0,69,115992,397925,88960,280,unsat,43.33785696500013,1.53000133799992
f0,70,117665,409290,91509,284,unsat,44.401113543000065,1.553236274000028
f0,71,119338,420815,94094,288,unsat,45.36037809900017,1.5321011670000644
f0,72,121011,432500,96715,292,unsat,46.49566869399996,1.7231848320000154
f0,73,122684,444345,99372,296,unsat,47.92874910299997,1.6959951020000972
f0,74,124357,456350,102065,300,unsat,49.31180487400002,1.5886322480000672
f0,75,126030,468515,104794,304,unsat,50.06816178899999,1.542486684000096
f0,76,127703,480840,107559,308,unsat,51.40019670599986,1.5783736640000825
f0,77,129376,493325,110360,312,unsat,52.47062496800004,1.938671905999854
f0,78,131049,505970,113197,316,unsat,53.652523400000064,1.852551584000139
f0,79,132722,518775,116070,320,unsat,54.669342156999846,1.9940903889998935
f0,80,134395,531740,118979,324,unsat,56.30162321700004,2.0567754940000214
f0,81,136068,544865,121924,328,unsat,57.371136664999995,2.0841900379998606
f0,82,137741,558150,124905,332,unsat,58.690810474000045,1.9607168820000425
f0,83,139414,571595,127922,336,unsat,59.658685147999904,2.105697391000149
f0,84,141087,585200,130975,340,unsat,61.31161089299985,2.215498380000099
f0,85,142760,598965,134064,344,unsat,62.750391145999856,2.3304111759998705
f0,86,144433,612890,137189,348,unsat,63.977696927000125,2.36996834699994
f0,87,146106,626975,140350,352,unsat,65.30516698099973,2.4902070070002083
f0,88,147779,641220,143547,356,unsat,67.02967441600003,2.6584507380002833
f0,89,149452,655625,146780,360,unsat,68.18950809599983,2.4329444489999332
f0,90,151125,670190,150049,364,unsat,69.5393327669999,2.386581582999952
f0,91,152798,684915,153354,368,unsat,70.63861973100029,2.7002912809998634
f0,92,154471,699800,156695,372,unsat,73.34829330999992,2.7530661509999845
f0,93,156144,714845,160072,376,unsat,74.33777874900034,3.3423160629999984
f0,94,157817,730050,163485,380,unsat,77.78280505400016,3.1519388490000892
f0,95,159490,745415,166934,384,unsat,77.76810523200038,3.095313853999869
f0,96,161163,760940,170419,388,unsat,78.80463719299996,2.744619051999962
f0,97,162836,776625,173940,392,unsat,80.10945977200026,2.7847578480000266
f0,98,164509,792470,177497,396,unsat,81.71594531600022,2.879932171999826
f0,99,166182,808475,181090,400,unsat,82.90702158600016,3.2075815019998117
f0,100,167855,824640,184719,404,unsat,84.03742419899982,3.2058437789996788
