id,k,ModelConstraintSize,FormulaConstraintSize,TranslationSize,FullSeparation,Result,Generation,Solving
f1,1,2288,6051,1144,41,unsat,0.716409139,0.01754996799999997
f1,2,3991,11536,2498,57,unsat,1.3047045679999998,0.029216240000000226
f1,3,5694,18789,4380,73,unsat,2.0966071850000003,0.04456811900000002
f1,4,7397,27810,6790,89,unsat,2.9607061970000004,0.06715437300000016
f1,5,9100,38599,9728,105,unsat,3.976746573,0.0867496550000002
f1,6,10803,51156,13194,121,unsat,5.295471211999999,0.12565189800000098
f1,7,12506,65481,17188,137,unsat,6.7821353529999975,0.14401428200000055
f1,8,14209,81574,21710,153,unsat,8.251966694,0.18175819199999665
f1,9,15912,99435,26760,169,unsat,9.981461664000001,0.242874221000001
f1,10,17615,119064,32338,185,unsat,11.873947135000002,0.3057747490000011
f1,11,19318,140461,38444,201,unsat,13.948958529000002,0.3581712599999918
f1,12,21021,163626,45078,217,unsat,16.261777388,0.4025424639999926
f1,13,22724,188559,52240,233,unsat,18.39357006200001,0.5927594209999967
f1,14,24427,215260,59930,249,unsat,20.934720997,0.6170978740000095
f1,15,26130,243729,68148,265,unsat,23.496367356999997,0.7707049189999964
f1,86,147043,6784036,2001194,1401,unsat,611.1905538850006,28.055457864000346
f1,16,27833,273966,76894,281,unsat,26.078007743,0.8826878259999944
f1,17,29536,305971,86168,297,unsat,29.21904833299999,0.998394740000009
f1,18,31239,339744,95970,313,unsat,32.68448354100002,0.9526814130000218
f1,19,32942,375285,106300,329,unsat,35.92153929999998,1.2464222959999915
f1,20,34645,412594,117158,345,unsat,38.55135435,1.1709110580000015
f1,21,36348,451671,128544,361,unsat,41.99866390599999,1.2844636019999598
f1,22,38051,492516,140458,377,unsat,45.799299308,1.4451130629999511
f1,23,39754,535129,152900,393,unsat,49.714473102,1.702530051999986
f1,24,41457,579510,165870,409,unsat,53.77736900399998,1.999158929000032
f1,25,43160,625659,179368,425,unsat,57.95944316199996,2.1723818460000075
f1,26,44863,673576,193394,441,unsat,62.837938886000074,2.176460262999967
f1,27,46566,723261,207948,457,unsat,67.85492984899997,2.4554367800000136
f1,28,48269,774714,223030,473,unsat,72.92801757999996,2.4582572520000667
f1,87,148746,6939801,2047428,1417,unsat,628.9358786019984,28.08174393599984
f1,29,49972,827935,238640,489,unsat,76.97895927999991,2.7137682869999935
f1,30,51675,882924,254778,505,unsat,81.82624000100009,3.2009376099999827
f1,31,53378,939681,271444,521,unsat,86.47943479000003,3.2072467419998247
f1,32,55081,998206,288638,537,unsat,91.62963333799985,3.178400654000143
f1,33,56784,1058499,306360,553,unsat,96.85212993800019,3.845759394999959
f1,34,58487,1120560,324610,569,unsat,102.56542244100001,4.150490414999922
f1,35,60190,1184389,343388,585,unsat,108.67925741900012,3.9258897269999125
f1,88,150449,7097334,2094190,1433,unsat,636.985656126999,28.56031867099955
f1,36,61893,1249986,362694,601,unsat,113.72612989899994,4.273823751999998
f1,37,63596,1317351,382528,617,unsat,119.57279582000001,4.537969823999902
f1,38,65299,1386484,402890,633,unsat,125.75362686499989,5.167989927000008
f1,39,67002,1457385,423780,649,unsat,132.23770540400005,5.4174284180000996
f1,40,68705,1530054,445198,665,unsat,139.36318624199998,5.783962202000112
f1,89,152152,7256635,2141480,1449,unsat,650.1540133490016,29.57908359599969
f1,41,70408,1604491,467144,681,unsat,146.15407592200017,6.190204720000111
f1,42,72111,1680696,489618,697,unsat,153.1534510219999,5.7430165800001305
f1,43,73814,1758669,512620,713,unsat,159.45959507299995,6.513101648999964
f1,44,75517,1838410,536150,729,unsat,167.51745998900014,7.427461405000031
f1,90,153855,7417704,2189298,1465,unsat,663.9242571690011,31.167348358998424
f1,45,77220,1919919,560208,745,unsat,176.89901098600012,7.304568533999827
f1,46,78923,2003196,584794,761,unsat,182.87507155500043,7.229643601000134
f1,47,80626,2088241,609908,777,unsat,190.0348330869997,7.799984106000011
f1,48,82329,2175054,635550,793,unsat,195.83503066999992,7.969644828000128
f1,91,155558,7580541,2237644,1481,unsat,680.3264636869972,30.42847103099848
f1,49,84032,2263635,661720,809,unsat,203.673515727,8.385306478000075
f1,50,85735,2353984,688418,825,unsat,211.3943523109997,8.828657977000148
f1,51,87438,2446101,715644,841,unsat,220.4717617690003,8.958904703000371
f1,92,157261,7745146,2286518,1497,unsat,695.7430185039993,31.052774085001147
f1,52,89141,2539986,743398,857,unsat,228.0334086389994,9.330333193000115
f1,53,90844,2635639,771680,873,unsat,236.26948810700014,9.937507879000805
f1,54,92547,2733060,800490,889,unsat,244.57751125699997,10.705281610000384
f1,93,158964,7911519,2335920,1513,unsat,708.4844527679998,32.08151018400167
f1,55,94250,2832249,829828,905,unsat,254.13636042300004,11.40381606199935
f1,56,95953,2933206,859694,921,unsat,262.7676348370005,12.11658357900069
f1,57,97656,3035931,890088,937,unsat,271.8227522090001,12.077769719000571
f1,94,160667,8079660,2385850,1529,unsat,721.1196686449985,33.64851976000136
f1,58,99359,3140424,921010,953,unsat,282.1602461950006,12.401109359999282
f1,59,101062,3246685,952460,969,unsat,291.73941792200003,12.916102502000285
f1,95,162370,8249569,2436308,1545,unsat,742.2059965299995,33.95085890599876
f1,60,102765,3354714,984438,985,unsat,300.0737364050001,13.557905495000341
f1,61,104468,3464511,1016944,1001,unsat,310.06717561000005,13.673891086999902
f1,96,164073,8421246,2487294,1561,unsat,752.1819572139975,34.30487828400146
f1,62,106171,3576076,1049978,1017,unsat,320.7318131820002,14.283431339000344
f1,63,107874,3689409,1083540,1033,unsat,329.70228699499967,15.053920641000332
f1,64,109577,3804510,1117630,1049,unsat,341.60881325399987,15.610536472000604
f1,97,165776,8594691,2538808,1577,unsat,769.4988100310002,34.83974976299942
f1,65,111280,3921379,1152248,1065,unsat,350.87022328999956,16.131186504000652
f1,66,112983,4040016,1187394,1081,unsat,362.02537768100046,15.500109791000796
f1,98,167479,8769904,2590850,1593,unsat,782.2346340710028,35.690846328998305
f1,67,114686,4160421,1223068,1097,unsat,369.7853108569998,15.021358304000387
f1,68,116389,4282594,1259270,1113,unsat,380.26497619600013,15.059343979000914
f1,99,169182,8946885,2643420,1609,unsat,799.619193554001,38.3031289770006
f1,69,118092,4406535,1296000,1129,unsat,390.1197911219988,15.794175925999298
f1,70,119795,4532244,1333258,1145,unsat,403.6549589539991,15.939125307000722
f1,100,170885,9125634,2696518,1625,unsat,818.7759567659996,37.32180834800238
f1,71,121498,4659721,1371044,1161,unsat,412.1791702069986,17.354263569999603
f1,72,123201,4788966,1409358,1177,unsat,426.6328083139997,16.90429822599981
f1,73,124904,4919979,1448200,1193,unsat,436.64951673699943,20.9342133629998
f1,74,126607,5052760,1487570,1209,unsat,451.8589810880003,18.995147208999697
f1,75,128310,5187309,1527468,1225,unsat,459.45439460799935,19.887656951999816
f1,76,130013,5323626,1567894,1241,unsat,470.79292058899955,22.105936109999675
f1,77,131716,5461711,1608848,1257,unsat,485.09734710000157,21.756419432998882
f1,78,133419,5601564,1650330,1273,unsat,495.24836165600027,22.736450739999782
f1,79,135122,5743185,1692340,1289,unsat,508.4708462130002,25.09931782500098
f1,80,136825,5886574,1734878,1305,unsat,521.6304988709999,24.21359123000002
f1,81,138528,6031731,1777944,1321,unsat,535.1756351900003,24.922311319000073
f1,82,140231,6178656,1821538,1337,unsat,538.618415936,24.01417667700116
f1,83,141934,6327349,1865660,1353,unsat,528.1561734420029,24.53313682099906
f1,84,143637,6477810,1910310,1369,unsat,544.0256505959987,25.605636036998476
f1,85,145340,6630039,1955488,1385,unsat,559.8149067189988,26.515121505002753
f1,86,147043,6784036,2001194,1401,unsat,573.2808248379988,27.187029397002334
f1,87,148746,6939801,2047428,1417,unsat,585.8283522620004,27.645034233999468
f1,88,150449,7097334,2094190,1433,unsat,600.1689161209979,27.930324244000076
f1,89,152152,7256635,2141480,1449,unsat,613.2607385119991,29.554925381999055
f1,90,153855,7417704,2189298,1465,unsat,630.7630924709993,29.88310247499976
f1,91,155558,7580541,2237644,1481,unsat,641.7265570439995,30.560135539999465
f1,92,157261,7745146,2286518,1497,unsat,649.7738135100008,29.903507834002085
f1,93,158964,7911519,2335920,1513,unsat,661.9868296780005,30.626618276000954
f1,94,160667,8079660,2385850,1529,unsat,674.4267875139994,31.347204955000052
f1,95,162370,8249569,2436308,1545,unsat,690.8294319640008,31.983784187999845
f1,96,164073,8421246,2487294,1561,unsat,702.7003846110019,32.591176989000815
f1,97,165776,8594691,2538808,1577,unsat,716.8236813700023,33.2768631910003
f1,98,167479,8769904,2590850,1593,unsat,731.0276900489989,35.800370362998365
f1,99,169182,8946885,2643420,1609,unsat,731.0656376869993,34.62989254999775
f1,100,170885,9125634,2696518,1625,unsat,738.6969623900004,35.122061291000136
