k,ModelConstraintSize,Result,Generation,Solving
1,1701,unsat,0.21804725300000002,0.004496534000000024
1,1701,unsat,0.21791573100000003,0.004942186999999987
1,1701,unsat,0.208560262,0.004581146000000008
2,3108,unsat,0.311940591,0.005008772999999911
1,1701,unsat,0.207664079,0.004955253999999992
2,3108,unsat,0.32403914199999995,0.005067803999999954
2,3108,unsat,0.32024078100000003,0.005293749000000014
2,3108,unsat,0.32117451700000005,0.005295225999999986
3,4515,unsat,0.45755765400000004,0.005688584000000052
3,4515,unsat,0.45966873099999983,0.005862486999999916
3,4515,unsat,0.47373981799999987,0.006439349999999955
3,4515,unsat,0.46087716600000006,0.006291520999999856
4,5922,unsat,0.596448571,0.007043640999999878
4,5922,unsat,0.5875563659999998,0.006015034999999891
4,5922,unsat,0.586653793,0.006226229999999999
4,5922,unsat,0.5921884990000001,0.00621901299999994
72,101598,unsat,10.279733093000686,0.08188865500051179
5,7329,unsat,0.7416658759999999,0.007087361999999597
5,7329,unsat,0.7279376280000003,0.007601590000000158
5,7329,unsat,0.7305203069999999,0.006867783000000127
5,7329,unsat,0.7404676019999998,0.006889671000000153
6,8736,unsat,0.8879188609999997,0.007205737999999684
6,8736,unsat,0.8780967989999997,0.0072497579999999395
6,8736,unsat,0.8822498950000002,0.007462974000000067
6,8736,unsat,0.8747340270000001,0.007513040000000082
7,10143,unsat,1.0106910770000006,0.007786001000000375
7,10143,unsat,1.0027627049999994,0.007793624999999693
7,10143,unsat,1.0070107469999998,0.00841320500000009
7,10143,unsat,1.0076136089999999,0.00832295599999977
8,11550,unsat,1.1628545799999994,0.008386296000000293
8,11550,unsat,1.1666914250000007,0.009020260999999863
8,11550,unsat,1.1976011340000001,0.009485151999999886
8,11550,unsat,1.1814236340000006,0.008272358000000146
91,128331,unsat,12.807025017998967,0.09527564200107008
9,12957,unsat,1.2965614630000006,0.008918097000000458
9,12957,unsat,1.2906259589999989,0.009277796000001004
9,12957,unsat,1.3011896539999999,0.00945106500000037
9,12957,unsat,1.3032554469999997,0.008968118999998609
10,14364,unsat,1.4316322899999996,0.009461868000000706
10,14364,unsat,1.4338492400000007,0.01050937099999949
10,14364,unsat,1.4298417160000003,0.010196601000000527
10,14364,unsat,1.4134919310000011,0.009658072999998879
11,15771,unsat,1.558948311,0.011181450000000481
11,15771,unsat,1.563468759000001,0.010481461999999553
11,15771,unsat,1.5593602210000004,0.010497844999999728
11,15771,unsat,1.5564726909999997,0.010073772000000147
73,103005,unsat,10.434873595000681,0.08126558200092404
12,17178,unsat,1.6967086179999988,0.011126387000000904
12,17178,unsat,1.727658482999999,0.011282936999998938
12,17178,unsat,1.7041588969999992,0.010718846999999698
12,17178,unsat,1.7048171009999997,0.01105211199999978
13,18585,unsat,1.901226403999999,0.012752222999999674
13,18585,unsat,1.9160004019999999,0.01285333599999916
13,18585,unsat,1.8414402149999987,0.011176383999998762
13,18585,unsat,1.8395506339999983,0.011063225999997428
14,19992,unsat,2.0535457210000025,0.01254540600000098
14,19992,unsat,2.0109000019999996,0.011711533999999801
14,19992,unsat,2.026780556000002,0.012723124000000752
15,21399,unsat,2.1819081160000025,0.013502113000001259
92,129738,unsat,12.933599970001524,0.09763627700158395
14,19992,unsat,1.9853529250000008,0.01192054199999859
15,21399,unsat,2.1507360579999997,0.012562695999999818
15,21399,unsat,2.1832758010000006,0.01333965899999967
16,22806,unsat,2.331470320000001,0.013206878999998395
74,104412,unsat,10.853364593000151,0.09279370999865932
15,21399,unsat,2.1878908589999995,0.012766779999999756
16,22806,unsat,2.311980252999998,0.013212021000001073
16,22806,unsat,2.301685840000001,0.013165700999998364
17,24213,unsat,2.458886909999997,0.01381721499999955
17,24213,unsat,2.4575248059999986,0.013796884000001342
16,22806,unsat,2.3125865849999983,0.013298161999998115
18,25620,unsat,2.592375256999997,0.014630658000001517
17,24213,unsat,2.4611216009999985,0.013766565000000952
18,25620,unsat,2.609772031000002,0.014575038000000262
17,24213,unsat,2.4595445709999986,0.013828676999999345
19,27027,unsat,2.7438619459999956,0.01497901900000187
18,25620,unsat,2.5834346939999975,0.014332890999998682
18,25620,unsat,2.595425646999999,0.014714230000002715
19,27027,unsat,2.734772963999994,0.015003626999998687
93,131145,unsat,13.36189555099918,0.09759212900098646
19,27027,unsat,2.7255144760000007,0.014718252999998072
20,28434,unsat,2.888102474,0.015915487000000894
75,105819,unsat,10.853090645003249,0.08208392399683362
19,27027,unsat,2.7287177259999957,0.015253351000005466
20,28434,unsat,2.8718138730000007,0.015396643999999071
20,28434,unsat,2.8707774810000046,0.015417344000006494
21,29841,unsat,3.022654829000004,0.016250243000001774
20,28434,unsat,2.876194310999999,0.015545432000003245
21,29841,unsat,3.0294903059999996,0.016346946999995282
21,29841,unsat,3.0113028800000023,0.016239867000003017
22,31248,unsat,3.173926080000001,0.017439905000003364
21,29841,unsat,3.024943097000005,0.01672634500000214
22,31248,unsat,3.1905025969999983,0.016785531000003573
22,31248,unsat,3.183356656000001,0.017847610999993435
76,107226,unsat,10.990438662000088,0.0838669380027568
23,32655,unsat,3.3225463829999953,0.017566561000002423
94,132552,unsat,13.483058993002487,0.09981396199873416
22,31248,unsat,3.179759103000002,0.017153763999999683
23,32655,unsat,3.341019590000002,0.018566636000002745
24,34062,unsat,3.4943997810000056,0.018579322999997316
23,32655,unsat,3.318274768000002,0.017987830999999233
23,32655,unsat,3.3397467249999977,0.017602416000002563
24,34062,unsat,3.4771299020000015,0.019753357999995558
25,35469,unsat,3.6320506069999965,0.01948093600000078
24,34062,unsat,3.4699231880000028,0.018197725000000275
77,108633,unsat,11.339393450998614,0.08533246699880692
25,35469,unsat,3.628552022000001,0.01976601999999872
24,34062,unsat,3.4657139989999948,0.01867645600000145
26,36876,unsat,3.7979740890000073,0.0209757049999979
25,35469,unsat,3.599618978999999,0.02055844699999909
95,133959,unsat,13.703498888997274,0.09967988900098135
25,35469,unsat,3.6174873450000007,0.01873851799999926
26,36876,unsat,3.7929086870000077,0.019871289999997543
27,38283,unsat,3.992181856000002,0.02022545200000536
26,36876,unsat,3.7374185130000086,0.021677050999997505
26,36876,unsat,3.7449639459999986,0.018987561000002984
27,38283,unsat,3.926650252999991,0.02101018500000862
78,110040,unsat,11.409872408999945,0.09077757699924405
28,39690,unsat,4.0857169709999965,0.023301059000004898
27,38283,unsat,3.910081508999994,0.020925919999996268
27,38283,unsat,3.9377494929999983,0.02003085299999441
28,39690,unsat,4.08761449699999,0.021499868999995897
29,41097,unsat,4.233692109999993,0.02153231200000505
96,135366,unsat,13.822105310999177,0.09658076200139476
28,39690,unsat,4.028234631000004,0.022579601999993315
28,39690,unsat,4.055797270999989,0.0201924609999935
29,41097,unsat,4.216285905999996,0.022322661000004018
30,42504,unsat,4.368518937999994,0.022638919000002033
79,111447,unsat,11.616599623001093,0.09086147699781577
29,41097,unsat,4.188149487000004,0.020741033000007292
30,42504,unsat,4.304279972000003,0.021766299000006484
29,41097,unsat,4.204565122999995,0.02076402999999516
31,43911,unsat,4.463424387999993,0.022382528000008506
30,42504,unsat,4.350687655999991,0.021392965999993407
31,43911,unsat,4.462839833999993,0.0230170290000018
30,42504,unsat,4.312142993000009,0.021105638999998177
97,136773,unsat,13.963222992999363,0.10604372699890519
32,45318,unsat,4.580381572999997,0.023317714000000933
80,112854,unsat,11.568480637000903,0.09080459200049518
31,43911,unsat,4.487326322000001,0.022028548999998065
31,43911,unsat,4.460711551000003,0.02180371699999739
32,45318,unsat,4.5885801000000015,0.023802373000009425
33,46725,unsat,4.740356176999995,0.024774195000006216
32,45318,unsat,4.623840583999993,0.022987757999999303
32,45318,unsat,4.601565906000005,0.022712347999998883
33,46725,unsat,4.747116994999999,0.025586967999998933
34,48132,unsat,4.895260184999998,0.02526751899999624
98,138180,unsat,14.228822044999106,0.10534391699911794
81,114261,unsat,11.694767299002706,0.09229471899743658
33,46725,unsat,4.775501551000005,0.024037284000002046
33,46725,unsat,4.758763102999993,0.023342760999994994
34,48132,unsat,4.9073861890000074,0.02527339800001016
35,49539,unsat,5.019890442999994,0.02579922099999976
34,48132,unsat,4.894408776999995,0.02380044299999895
34,48132,unsat,4.908556493000006,0.025511829999999236
35,49539,unsat,5.031574551000006,0.02660987800000214
36,50946,unsat,5.153234090000012,0.029563553000002685
82,115668,unsat,11.878262619000452,0.0953298470012669
99,139587,unsat,14.307411503003095,0.11221358100010548
35,49539,unsat,5.0660968990000015,0.026182594999994535
36,50946,unsat,5.1879587199999975,0.026252780000007192
37,52353,unsat,5.467841372999985,0.027084943000005524
35,49539,unsat,5.050768751999996,0.025398601999995662
36,50946,unsat,5.179071368999999,0.027148957999997947
37,52353,unsat,5.414272419999989,0.02752166599998418
38,53760,unsat,5.438508154999994,0.027655941999995548
83,117075,unsat,12.037810620997334,0.09522325599755277
36,50946,unsat,5.198319651000006,0.026123742000009997
38,53760,unsat,5.439226521999984,0.028100711999996975
100,140994,unsat,14.45366316700165,0.11224967000089237
37,52353,unsat,5.469113457000006,0.030528320999991365
39,55167,unsat,5.612382318000016,0.02946524400002204
37,52353,unsat,5.42857396399998,0.026725016000000323
39,55167,unsat,5.597540932000015,0.030806594000011955
38,53760,unsat,5.457171937000027,0.027452424999978575
84,118482,unsat,12.227929636999761,0.09787095900173881
40,56574,unsat,5.779073668000024,0.030061917000011817
38,53760,unsat,5.444712684000024,0.027572887000019364
40,56574,unsat,5.707963911999997,0.030947666999992407
39,55167,unsat,5.575942206999997,0.027924801000011712
39,55167,unsat,5.586930875000007,0.028772946000003685
41,57981,unsat,5.899947574999999,0.03398068999999282
41,57981,unsat,5.838319542000022,0.03186292299997717
85,119889,unsat,12.30021469300118,0.10204172399971867
40,56574,unsat,5.778382601000004,0.028288462999995545
40,56574,unsat,5.738381527000001,0.02964124600001128
42,59388,unsat,6.038858306999998,0.03368577800000594
42,59388,unsat,5.952878545999994,0.03148767999999791
41,57981,unsat,5.8807779500000095,0.030774723000007498
41,57981,unsat,5.926731960000012,0.02982574299997509
43,60795,unsat,6.143569326000005,0.03194354699999735
86,121296,unsat,12.45741843200085,0.10653191199889989
43,60795,unsat,6.122147909000006,0.032275771000001896
42,59388,unsat,6.056648569000004,0.03277965999998855
42,59388,unsat,6.025485368000005,0.035571946999994
44,62202,unsat,6.323102417999991,0.031758891000009726
44,62202,unsat,6.322408253999981,0.03330959100000541
43,60795,unsat,6.173651317000008,0.03046984899998506
43,60795,unsat,6.144553700000017,0.029745704000021078
87,122703,unsat,12.646165913000004,0.1051666439998371
45,63609,unsat,6.441327247999993,0.033526969999996936
45,63609,unsat,6.458667875999993,0.03215402399999334
44,62202,unsat,6.2810251300000175,0.029873193000014453
44,62202,unsat,6.282574358000005,0.030061633999991955
46,65016,unsat,6.580081139000015,0.035072882000008576
45,63609,unsat,6.48351925099999,0.030644958000010547
46,65016,unsat,6.570936171999989,0.035882173000004514
88,124110,unsat,12.677447013000346,0.11065583399977186
45,63609,unsat,6.447577640999981,0.030596237999986897
47,66423,unsat,6.751786850000002,0.03719633899999053
46,65016,unsat,6.585383598999982,0.03069785800002478
47,66423,unsat,6.701028217999976,0.036158735000014985
46,65016,unsat,6.5707038780000175,0.03111011599997937
89,125517,unsat,12.877604257002531,0.10638913000002503
48,67830,unsat,6.863705414000009,0.03551505199999383
47,66423,unsat,6.7492580480000015,0.03350207799999794
48,67830,unsat,6.907303893000005,0.03681846300000302
47,66423,unsat,6.84000025200001,0.03262194200002
49,69237,unsat,7.0468283829999905,0.034774279999993496
48,67830,unsat,6.9251678230000095,0.03395761100000527
90,126924,unsat,13.105752562001726,0.09597972599658533
49,69237,unsat,7.028767643000009,0.03463255199997661
48,67830,unsat,6.971609215000001,0.033351793000008456
50,70644,unsat,7.149225149000017,0.034878271999986055
49,69237,unsat,7.029579617999985,0.039540039000002025
50,70644,unsat,7.148046039000008,0.03835635699999784
49,69237,unsat,7.013342249999994,0.032733879999995
51,72051,unsat,7.331135012000004,0.03476206599998477
91,128331,unsat,13.207470758999989,0.1000767840014305
50,70644,unsat,7.254715664999992,0.033950272999987874
51,72051,unsat,7.282569416999991,0.042201355000003105
50,70644,unsat,7.217244434999998,0.03381280600001446
52,73458,unsat,7.451955799000018,0.03921935799999687
51,72051,unsat,7.366971156000005,0.03445066800000518
92,129738,unsat,13.32893438300016,0.0996674529997108
52,73458,unsat,7.414617847999978,0.034807688999990205
51,72051,unsat,7.354745479000002,0.03483244399998853
53,74865,unsat,7.5740559959999985,0.03758322499999167
52,73458,unsat,7.447357879999998,0.03485892700001614
53,74865,unsat,7.50634961800003,0.03584083200001942
54,76272,unsat,7.680043373999979,0.036463277999985166
52,73458,unsat,7.498048592999993,0.03464972699998725
93,131145,unsat,13.435437688000093,0.09553423699981067
53,74865,unsat,7.590603616999971,0.03552958900002068
54,76272,unsat,7.708805927000014,0.03635679399997116
55,77679,unsat,7.8479761199999984,0.0382609109999521
53,74865,unsat,7.706564361000005,0.03498762700002089
54,76272,unsat,7.701262198999984,0.035936444000014944
55,77679,unsat,7.685281115999999,0.035894390000009935
56,79086,unsat,7.887773826,0.03741897399999061
54,76272,unsat,7.745260743000017,0.035794082999984767
94,132552,unsat,13.42795320300138,0.10400908299925504
55,77679,unsat,7.840883133000034,0.03646887500002549
56,79086,unsat,7.7883701350000365,0.038216606000048614
57,80493,unsat,7.9888340720000315,0.039235693000023275
55,77679,unsat,7.873099351000008,0.03788565000002109
56,79086,unsat,8.000415438999994,0.03970747700003585
57,80493,unsat,7.949799482000003,0.03905989099996532
95,133959,unsat,13.496547699000075,0.09881673500058241
58,81900,unsat,8.105075079000017,0.03836072400002877
56,79086,unsat,8.000885960999994,0.03966928300002337
57,80493,unsat,8.144297833999985,0.03914403699997138
58,81900,unsat,8.110990334999997,0.039265142999965974
57,80493,unsat,8.198246219999987,0.03894739700001537
59,83307,unsat,8.258568103000016,0.03902473900001269
96,135366,unsat,13.581337419000192,0.10049508800148033
58,81900,unsat,8.346055905000014,0.03901235400002179
59,83307,unsat,8.251348558000018,0.04039186600004996
58,81900,unsat,8.347247394000021,0.03904354000002286
60,84714,unsat,8.399617491000015,0.03971432299999833
59,83307,unsat,8.439900973999954,0.038955971999996564
60,84714,unsat,8.389792711000041,0.03810264100002314
59,83307,unsat,8.450941391000015,0.042123892000006435
61,86121,unsat,8.650318372000015,0.04072182300001259
97,136773,unsat,13.740766887000063,0.10420454599807272
60,84714,unsat,8.583316668999998,0.03962310700001126
61,86121,unsat,8.503965929999993,0.04118775099999539
60,84714,unsat,8.574073237999983,0.039390964999995504
62,87528,unsat,8.63877506700004,0.042956684999978734
61,86121,unsat,8.709896183000012,0.03996008299998266
98,138180,unsat,13.921936225000536,0.09670527399794082
62,87528,unsat,8.633289426000033,0.04059965099997953
61,86121,unsat,8.692601764000017,0.0400118690000113
63,88935,unsat,8.817830016000016,0.0432366950000187
62,87528,unsat,8.859977143000037,0.040664989999982026
63,88935,unsat,8.794998182000029,0.04277544000001399
62,87528,unsat,8.921899617999998,0.04189435899996852
64,90342,unsat,8.95033378200003,0.04413585399998965
99,139587,unsat,14.066037078999216,0.09960454600150115
63,88935,unsat,9.011660056999972,0.04183092700003499
64,90342,unsat,8.905947052999977,0.042893320999951356
63,88935,unsat,9.107294052000043,0.04137586299998475
65,91749,unsat,9.097699094999996,0.04430432899999914
64,90342,unsat,9.172013252,0.041584335000038664
65,91749,unsat,9.076729987999954,0.04104106100004401
100,140994,unsat,14.25426335100201,0.10298576499917544
64,90342,unsat,9.172836705000009,0.04258021399999734
66,93156,unsat,9.279902078999953,0.04191076500001145
65,91749,unsat,9.211445502999993,0.05133417500002224
66,93156,unsat,9.33267433200001,0.043706870999983494
65,91749,unsat,9.064526981999961,0.0418586299999788
67,94563,unsat,9.45745885499997,0.04269905299997845
66,93156,unsat,9.336243362000005,0.045801431999962006
67,94563,unsat,9.370100347000005,0.043978959000014584
66,93156,unsat,9.279418720000024,0.04141281100004335
68,95970,unsat,9.535935523000035,0.045162566000044535
67,94563,unsat,9.371685457000012,0.042445541000006415
68,95970,unsat,9.514285963999953,0.04616183399997453
67,94563,unsat,9.517095906000009,0.05141054799997846
69,97377,unsat,9.731316213000014,0.050001466000026085
68,95970,unsat,9.750024591999988,0.04457264999996369
69,97377,unsat,9.653103626000018,0.04814803000004986
68,95970,unsat,9.504778256999998,0.0436349610000093
70,98784,unsat,9.83378937599997,0.04862190500000452
69,97377,unsat,9.83684342500004,0.056773494999958984
70,98784,unsat,9.864292526999975,0.049812957000028746
69,97377,unsat,9.628970976999994,0.04478476599996384
71,100191,unsat,10.16197771000003,0.04947636100001773
70,98784,unsat,9.980718370000034,0.046447972999999365
71,100191,unsat,9.947819075999973,0.04926198900000145
70,98784,unsat,9.82794252399998,0.04667669900004512
72,101598,unsat,10.169826381000007,0.05074292199998354
71,100191,unsat,10.26864883099995,0.05579074199999923
72,101598,unsat,10.076984213999992,0.04959418900000401
71,100191,unsat,10.001217871999984,0.04842733800001042
73,103005,unsat,10.268190217999972,0.0550400120000063
72,101598,unsat,10.869130358999996,0.05712233899998864
73,103005,unsat,10.270606845999964,0.0532890030000317
72,101598,unsat,10.21979213200001,0.04978506899999502
74,104412,unsat,10.469202797000037,0.055707867999956306
73,103005,unsat,10.348989176999964,0.05328087699996331
74,104412,unsat,10.491585477000001,0.052684412000019165
73,103005,unsat,10.39742683899999,0.05007834200000616
75,105819,unsat,10.549650551000013,0.05575383099994724
74,104412,unsat,10.523881815999971,0.05247737999997071
75,105819,unsat,10.55777267000002,0.05476804099998844
74,104412,unsat,10.381681415000003,0.050257869000006394
76,107226,unsat,10.73538492199998,0.05643028800000138
75,105819,unsat,10.603040626999984,0.056248178999908305
76,107226,unsat,10.660087822000037,0.05916997200006335
75,105819,unsat,10.517866685000001,0.05042148800009727
77,108633,unsat,10.900292010000044,0.05956207299993821
76,107226,unsat,10.765157418999934,0.05633758299995861
77,108633,unsat,10.813901466999937,0.05785466700001507
76,107226,unsat,10.663017704000026,0.052246122000042305
78,110040,unsat,11.068459178000012,0.05814213999997264
77,108633,unsat,10.944721877999996,0.0568446719998974
78,110040,unsat,10.97752566600002,0.058709297000064
77,108633,unsat,10.896215085999984,0.049916467999992165
79,111447,unsat,11.109210761999975,0.06262553099998058
78,110040,unsat,11.078198492999945,0.058590242000036596
79,111447,unsat,11.116386556999942,0.060628079000025537
78,110040,unsat,11.040295568000033,0.04971270900000491
80,112854,unsat,11.335386152999945,0.06206406000001152
79,111447,unsat,11.18898647399999,0.05797870100002456
80,112854,unsat,11.285349268999994,0.057998838999992586
79,111447,unsat,11.194789106999906,0.05039883099993858
81,114261,unsat,11.426685871000018,0.05806795399996645
80,112854,unsat,11.363806301999944,0.058992026000055375
81,114261,unsat,11.49264790899997,0.05425845799993567
80,112854,unsat,11.23053933899996,0.05300095099994451
82,115668,unsat,11.64487838499997,0.061785858000007465
81,114261,unsat,11.504887413999995,0.057572188999984064
81,114261,unsat,11.379323922999902,0.0558729530000619
82,115668,unsat,11.64572277700006,0.05415389699999196
83,117075,unsat,11.78586567700006,0.06031782699994892
82,115668,unsat,11.683046310000009,0.05287865100001454
82,115668,unsat,11.64272520599991,0.053874387999940154
83,117075,unsat,11.791504939999982,0.06009689399991203
84,118482,unsat,11.902377096999999,0.05596343800004888
83,117075,unsat,11.777285172000006,0.054379999000047974
83,117075,unsat,11.609151450000013,0.052517328000021735
84,118482,unsat,11.91006199200001,0.05954530199994679
85,119889,unsat,12.107225107999966,0.06294316699995761
84,118482,unsat,11.988241601000027,0.05614206699999613
84,118482,unsat,11.720471363999991,0.05656525899996723
85,119889,unsat,12.083551847999956,0.056473628999924586
86,121296,unsat,12.206103177000045,0.056751681000037024
85,119889,unsat,12.086630317000072,0.06534819599994535
85,119889,unsat,11.934023793000051,0.05808917499996369
86,121296,unsat,12.188467815999957,0.0623639530000446
87,122703,unsat,12.417356272999996,0.05686680700000579
86,121296,unsat,11.988748139000108,0.05585428300003059
86,121296,unsat,12.360325891999992,0.05898822699998618
87,122703,unsat,12.41707313500001,0.06083115600006295
88,124110,unsat,12.55828239699997,0.05832156799999666
87,122703,unsat,12.062828149999973,0.05719244699992032
87,122703,unsat,12.442971121000028,0.06038988299997072
88,124110,unsat,12.421934913999962,0.057425229000045874
89,125517,unsat,12.656109907000086,0.06022163399995861
88,124110,unsat,12.321378277000008,0.056613294000044334
88,124110,unsat,12.644086478999952,0.05835268500004531
89,125517,unsat,12.571210331999964,0.06225514499999463
90,126924,unsat,12.88047622199997,0.061686346999977104
89,125517,unsat,12.569628146000014,0.060529049000024315
89,125517,unsat,12.658519424999895,0.05795300900001621
90,126924,unsat,12.746441039000047,0.05903246599996237
91,128331,unsat,12.956611894000048,0.06079139499991015
90,126924,unsat,12.549341151000021,0.05835229799993158
90,126924,unsat,12.937833990000058,0.058465838000074655
91,128331,unsat,12.943949265000015,0.05943486099999973
92,129738,unsat,13.177594925999983,0.06188116099997387
91,128331,unsat,12.673873531000027,0.05994079300000976
91,128331,unsat,13.052174627999989,0.06735850100005791
92,129738,unsat,13.095110235999982,0.06279069400000026
93,131145,unsat,13.27190482200001,0.0623681710000028
92,129738,unsat,13.06424825900001,0.06064733900007013
92,129738,unsat,13.051702596000041,0.0679926020000039
93,131145,unsat,13.081082503999937,0.06811716499998965
94,132552,unsat,13.373055584999975,0.06951661200002945
93,131145,unsat,13.17492448400003,0.06284732300002815
93,131145,unsat,13.211580494000032,0.06907563400000072
94,132552,unsat,13.338857949000044,0.0682460870000341
95,133959,unsat,13.49834220799994,0.06895686299992576
94,132552,unsat,13.210465265999915,0.06363410299991301
94,132552,unsat,13.352763767999932,0.06909468000003471
95,133959,unsat,13.312034934999929,0.07259487099997841
96,135366,unsat,13.669643285000006,0.0687846509999872
95,133959,unsat,13.305934827999977,0.06153205399994022
95,133959,unsat,13.509392326000011,0.07058541100002458
96,135366,unsat,13.696893400000022,0.06784168699994098
97,136773,unsat,13.87783675500009,0.0673290970000835
96,135366,unsat,13.51600813899995,0.061171886000011
96,135366,unsat,13.713188168999977,0.06480550799994944
97,136773,unsat,13.915366704000007,0.06933841700003995
98,138180,unsat,13.949003722999919,0.06550333799998498
97,136773,unsat,13.778609521000021,0.06969092500003171
97,136773,unsat,13.779902935999985,0.06821441800002503
98,138180,unsat,13.82318820599994,0.06930970300004446
99,139587,unsat,14.172130648999996,0.07698491799999374
98,138180,unsat,13.925867347999997,0.07011894499999016
98,138180,unsat,13.940919880000024,0.0736799249999649
99,139587,unsat,14.096024898999985,0.07314147200008847
99,139587,unsat,13.972226773999978,0.07276334900006987
100,140994,unsat,14.250422551000042,0.07250221200001761
99,139587,unsat,14.175423099999989,0.07294895699999415
100,140994,unsat,14.111372533999997,0.0727106530000583
100,140994,unsat,14.441849522999973,0.08969466799999282
100,140994,unsat,14.145770631000005,0.07654800299997078
1,1701,unsat,0.42538279200016405,0.05754419699951541
2,3108,unsat,0.3731951560002926,0.06533910500002094
3,4515,unsat,0.5188051170007384,0.05931397799940896
4,5922,unsat,0.661208102999808,0.06673384700116003
5,7329,unsat,0.8024723560010898,0.06027077899852884
6,8736,unsat,0.9323304940007802,0.06087358799777576
7,10143,unsat,1.073362521998206,0.0688897399995767
8,11550,unsat,1.2231508780023432,0.0893434139979945
9,12957,unsat,1.362747979001142,0.06273222500021802
10,14364,unsat,1.4966902810010652,0.07157023300169385
11,15771,unsat,1.6537752149997687,0.0642968190004467
12,17178,unsat,1.780430400998739,0.06518918799702078
13,18585,unsat,1.9342651139995723,0.06545544199980213
14,19992,unsat,2.0573327139973117,0.06562498700077413
15,21399,unsat,2.1964906319990405,0.06735165500140283
16,22806,unsat,2.3364666540001053,0.06761763699978474
17,24213,unsat,2.4833527880000474,0.06786069100053282
18,25620,unsat,2.6343584740025108,0.0690463680002722
19,27027,unsat,2.7595644749999337,0.06967584499943769
20,28434,unsat,2.9045902059988293,0.07046401399929891
21,29841,unsat,3.04797155399865,0.07150953200107324
22,31248,unsat,3.180413188001694,0.07177540100019542
23,32655,unsat,3.3272589849984797,0.08016004199816962
24,34062,unsat,3.4446058060020732,0.07317845600118744
25,35469,unsat,3.585907689997839,0.07411712099928991
26,36876,unsat,3.7366456529998686,0.07567705899782595
27,38283,unsat,3.8795507030008594,0.07559010700060753
28,39690,unsat,4.029842047999409,0.07606141800351907
29,41097,unsat,4.1480996850004885,0.07724725300067803
30,42504,unsat,4.304244151000603,0.07748129299943685
31,43911,unsat,4.434348062000936,0.07771150099870283
32,45318,unsat,4.57268375700005,0.07781645099748857
33,46725,unsat,4.703192666001996,0.07837109600222902
34,48132,unsat,4.829890303000866,0.08082513999761431
35,49539,unsat,4.976869673002511,0.08091317499929573
36,50946,unsat,5.15917561200331,0.08035209800073062
37,52353,unsat,5.302153653999994,0.08174781200068537
38,53760,unsat,5.43761392399756,0.09025701599966851
39,55167,unsat,5.581970847000775,0.08262989400100196
40,56574,unsat,5.70549199299785,0.08359510900118039
41,57981,unsat,5.842335254001227,0.09254458600116777
42,59388,unsat,6.008778298000834,0.08475939699928858
43,60795,unsat,6.177701065000292,0.08608390299923485
44,62202,unsat,6.26951472699875,0.09346436700070626
45,63609,unsat,6.419875585001137,0.08679240800120169
46,65016,unsat,6.547296437998739,0.09672908699940308
47,66423,unsat,6.678383277998364,0.08820092200039653
48,67830,unsat,6.853228564999881,0.08918317400093656
49,69237,unsat,7.002215904001787,0.11614612499761279
50,70644,unsat,7.144201567996788,0.09098377299960703
51,72051,unsat,7.256895582999277,0.09174394100045902
52,73458,unsat,7.4172421880030015,0.09261516100013978
53,74865,unsat,7.535783399998763,0.09313292699880549
54,76272,unsat,7.697919862999697,0.09584890400219592
55,77679,unsat,7.834262694999779,0.10593642499952693
56,79086,unsat,8.009433391998755,0.09824456899877987
57,80493,unsat,8.128759523999179,0.09949490700091701
58,81900,unsat,8.27716165399761,0.09993413299889653
59,83307,unsat,8.40800572200169,0.10122876500099665
60,84714,unsat,8.557644124000944,0.10210452100000111
61,86121,unsat,8.690989031001664,0.10185468499912531
62,87528,unsat,8.831204513000557,0.10365999799978454
63,88935,unsat,8.991507419999834,0.11163223300172831
64,90342,unsat,9.11579488499774,0.10448903400174459
65,91749,unsat,9.289693947997876,0.10537372100225184
66,93156,unsat,9.394925774999138,0.1064147539982514
67,94563,unsat,9.525977320001402,0.10788067799876444
68,95970,unsat,9.718204909000633,0.12562298699776875
69,97377,unsat,9.82573566100109,0.1097240890012472
70,98784,unsat,10.005262825998216,0.11056226000073366
71,100191,unsat,10.155915373998141,0.11152435400072136
72,101598,unsat,10.269632710998849,0.11117097699752776
73,103005,unsat,10.403813767999964,0.13561918299819808
74,104412,unsat,10.500421120999818,0.11770821399841225
75,105819,unsat,10.716214824999042,0.10722537300171098
76,107226,unsat,10.77448685499985,0.1138002650004637
77,108633,unsat,10.865611846002139,0.11457419600264984
78,110040,unsat,10.96629566199772,0.10862332500255434
79,111447,unsat,11.19450763200075,0.11129551100020763
80,112854,unsat,11.424138864997076,0.1119928450025327
81,114261,unsat,11.493604792001861,0.12061201200049254
82,115668,unsat,11.676551569998992,0.11429432399745565
83,117075,unsat,11.76226137499907,0.11568937199990614
84,118482,unsat,11.913264713999524,0.11631405799926142
85,119889,unsat,12.042225753000821,0.1251103590002458
86,121296,unsat,12.199962118997064,0.12766539699805435
87,122703,unsat,12.349480896999012,0.11889607799821533
88,124110,unsat,12.484639815000264,0.11948811600086628
89,125517,unsat,12.655523122000886,0.12973202600187506
90,126924,unsat,12.776121229002456,0.12274606899882201
91,128331,unsat,12.900523316002364,0.13099425499967765
92,129738,unsat,13.019560799002647,0.12363640599869541
93,131145,unsat,13.159292084998015,0.12466581600165227
94,132552,unsat,13.285650768000778,0.12448809700072161
95,133959,unsat,13.438736669999344,0.12397663500087219
96,135366,unsat,13.55575001699981,0.13010802099961438
97,136773,unsat,13.646266512001603,0.1220016859988391
98,138180,unsat,13.830961755000317,0.12193541599845048
99,139587,unsat,13.950711272002081,0.12207655100064585
100,140994,unsat,14.068252756002039,0.12295894400085672
