id,k,ModelConstraintSize,FormulaConstraintSize,TranslationSize,FullSeparation,Result,Generation,Solving
f3,1,2864,6096,1189,43,unsat,0.7742033140000001,0.017165721999999994
f3,2,4855,11654,2616,59,unsat,1.375241382,0.02811030300000006
f3,3,6846,19016,4607,75,unsat,2.155306062,0.04231498100000053
f3,4,8837,28182,7162,91,unsat,3.1053860220000002,0.06156234699999974
f3,5,10828,39152,10281,107,unsat,4.2049556710000005,0.08228107900000126
f3,6,12819,51926,13964,123,unsat,5.475636263,0.11001895800000128
f3,7,14810,66504,18211,139,unsat,6.961244540999999,0.1450682299999997
f3,8,16801,82886,23022,155,unsat,8.58806775,0.17788030399999855
f3,9,18792,101072,28397,171,unsat,10.382813653,0.2657251889999941
f3,10,20783,121062,34336,187,unsat,12.301407671999996,0.29271784499999853
f3,11,22774,142856,40839,203,unsat,14.438338185,0.32286172700000293
f3,12,24765,166454,47906,219,unsat,16.854814485000006,0.40605663399999514
f3,13,26756,191856,55537,235,unsat,19.130754436000004,0.5767334039999952
f3,14,28747,219062,63732,251,unsat,21.74224429500002,0.6685782220000078
f3,15,30738,248072,72491,267,unsat,24.507130206,0.7694702820000145
f3,16,32729,278886,81814,283,unsat,27.59847521200001,0.792296704000023
f3,17,34720,311504,91701,299,unsat,30.594836721000007,0.7951520659999858
f3,18,36711,345926,102152,315,unsat,33.84780489299999,0.9594661200000019
f3,19,38702,382152,113167,331,unsat,37.17410177099998,1.2576134560000014
f3,20,40693,420182,124746,347,unsat,40.64974032499998,1.1708965560000024
f3,21,42684,460016,136889,363,unsat,44.417324656000005,1.3147262790000127
f3,22,44675,501654,149596,379,unsat,47.33737752799999,1.4296607489999928
f3,23,46666,545096,162867,395,unsat,51.402411406,1.7754451880000488
f3,24,48657,590342,176702,411,unsat,55.799806624999974,1.8490713439999809
f3,25,50648,637392,191101,427,unsat,60.01466898199999,2.0223772900000085
f3,26,52639,686246,206064,443,unsat,64.47345635800002,2.0165697050000517
f3,27,54630,736904,221591,459,unsat,69.18997829599994,2.362202821999972
f3,28,56621,789366,237682,475,unsat,73.58597724699996,2.409195302999933
f3,29,58612,843632,254337,491,unsat,78.56196611100006,2.9099431459999323
f3,30,60603,899702,271556,507,unsat,84.66156137999997,2.964960583999982
f3,31,62594,957576,289339,523,unsat,89.11848832500004,2.9829664280000543
f3,32,64585,1017254,307686,539,unsat,94.9937816690001,3.1732137039998634
f3,33,66576,1078736,326597,555,unsat,101.05182155600005,3.5626847610001278
f3,34,68567,1142022,346072,571,unsat,106.50305781400016,4.059513344999914
f3,35,70558,1207112,366111,587,unsat,112.08761840399984,3.689014747999863
f3,36,72549,1274006,386714,603,unsat,117.80864818399982,4.300750793999896
f3,37,74540,1342704,407881,619,unsat,124.99775359,4.3511120390001
f3,38,76531,1413206,429612,635,unsat,131.3215254339998,4.758166111000037
f3,39,78522,1485512,451907,651,unsat,137.898630809,5.300464202000057
f3,40,80513,1559622,474766,667,unsat,144.5469259439999,5.318347924999671
f3,41,82504,1635536,498189,683,unsat,152.31812218699997,6.128438952000124
f3,42,84495,1713254,522176,699,unsat,159.63557028900004,5.818584108999858
f3,43,86486,1792776,546727,715,unsat,165.89438099200015,6.435670553999898
f3,44,88477,1874102,571842,731,unsat,172.6335214159999,6.72141484399981
f3,45,90468,1957232,597521,747,unsat,179.890489076,6.702858964999905
f3,46,92459,2042166,623764,763,unsat,188.29572706599993,7.423893732000124
f3,47,94450,2128904,650571,779,unsat,194.08240858800036,7.44648478199997
f3,48,96441,2217446,677942,795,unsat,201.42974593500003,7.632074815999658
f3,49,98432,2307792,705877,811,unsat,209.65414778000013,8.752872880999803
f3,50,100423,2399942,734376,827,unsat,224.39165580499957,8.25149066099948
f3,51,102414,2493896,763439,843,unsat,226.22022650800045,8.637637290000384
f3,52,104405,2589654,793066,859,unsat,235.15496307100057,9.857106778000343
f3,53,106396,2687216,823257,875,unsat,243.1809441710002,9.61535885000012
f3,54,108387,2786582,854012,891,unsat,252.60259051199955,10.988234679000016
f3,55,110378,2887752,885331,907,unsat,262.1346184969998,11.346704296999633
f3,56,112369,2990726,917214,923,unsat,271.1093901859995,11.719086177000463
f3,57,114360,3095504,949661,939,unsat,280.66184316899944,12.40621138699953
f3,58,116351,3202086,982672,955,unsat,289.2205606540001,12.392120303999945
f3,59,118342,3310472,1016247,971,unsat,300.2990891750005,13.154573286999948
f3,60,120333,3420662,1050386,987,unsat,309.14287247299944,13.594110897000064
f3,61,122324,3532656,1085089,1003,unsat,320.13700683800016,13.931594169000164
f3,62,124315,3646454,1120356,1019,unsat,329.2983330370007,13.896514192000723
f3,63,126306,3762056,1156187,1035,unsat,339.0981190530001,15.825381672999356
f3,64,128297,3879462,1192582,1051,unsat,351.01051248800013,15.406341063000582
f3,65,130288,3998672,1229541,1067,unsat,360.58640520799963,15.813933532999727
f3,66,132279,4119686,1267064,1083,unsat,371.42248010000003,17.02331506900009
f3,67,134270,4242504,1305151,1099,unsat,384.1958376069997,16.620824535999418
f3,68,136261,4367126,1343802,1115,unsat,393.2517159380004,17.430948405999516
f3,69,138252,4493552,1383017,1131,unsat,406.54551786900083,15.927731706999111
f3,70,140243,4621782,1422796,1147,unsat,415.44861689000027,16.107519268000033
f3,71,142234,4751816,1463139,1163,unsat,426.043865616999,16.55531508599961
f3,72,144225,4883654,1504046,1179,unsat,436.8262932430007,17.222973312998874
f3,73,146216,5017296,1545517,1195,unsat,449.7110680340011,18.018089351000526
f3,74,148207,5152742,1587552,1211,unsat,460.9630747639985,18.739878577000127
f3,75,150198,5289992,1630151,1227,unsat,473.61095843300063,20.759601509000277
f3,76,152189,5429046,1673314,1243,unsat,488.46287281700097,20.92014743999971
f3,77,154180,5569904,1717041,1259,unsat,499.2438480460005,21.87901433099978
f3,78,156171,5712566,1761332,1275,unsat,510.11368119600047,23.67502908699862
f3,79,158162,5857032,1806187,1291,unsat,525.636980067,24.47598896999989
f3,80,160153,6003302,1851606,1307,unsat,538.5947214549997,29.23831031499867
f3,81,162144,6151376,1897589,1323,unsat,556.2998761489998,24.320971640001517
f3,82,164135,6301254,1944136,1339,unsat,564.4496509309993,24.871086488998117
f3,83,166126,6452936,1991247,1355,unsat,576.9153716569999,25.6389049060017
f3,84,168117,6606422,2038922,1371,unsat,591.3422236869992,26.128694923001603
f3,85,170108,6761712,2087161,1387,unsat,604.1333986019999,26.785921960999985
f3,86,172099,6918806,2135964,1403,unsat,620.5095244990007,27.954321959998197
f3,87,174090,7077704,2185331,1419,unsat,632.3211476670003,28.27764547100014
f3,88,176081,7238406,2235262,1435,unsat,647.0169557220033,29.072207513003377
f3,89,178072,7400912,2285757,1451,unsat,656.6957045989984,29.0980388129974
f3,90,180063,7565222,2336816,1467,unsat,664.1304165350011,29.44005426700096
f3,91,182054,7731336,2388439,1483,unsat,679.7422622550002,30.094808279998688
f3,92,184045,7899254,2440626,1499,unsat,691.7709794229995,30.759615356000722
f3,93,186036,8068976,2493377,1515,unsat,707.0975924259983,31.46464559999731
f3,94,188027,8240502,2546692,1531,unsat,722.3970874539991,32.546336857001734
f3,95,190018,8413832,2600571,1547,unsat,738.3967082739982,32.963868210998044
f3,96,192009,8588966,2655014,1563,unsat,752.7286226080032,33.46504463200108
f3,97,194000,8765904,2710021,1579,unsat,727.5286364780004,32.98235204299999
f3,98,195991,8944646,2765592,1595,unsat,733.0711119000007,33.812028528001974
f3,99,197982,9125192,2821727,1611,unsat,747.2483538790002,34.50118925100105
f3,100,199973,9307542,2878426,1627,unsat,764.5364901789981,35.17333607299952
