id,k,ModelConstraintSize,FormulaConstraintSize,TranslationSize,FullSeparation,Result,Generation,Solving
f2,1,3320,5092,1186,46,unsat,0.728451525,0.015008746999999989
f2,2,5539,9080,2664,65,unsat,1.246700584,0.02475439200000018
f2,3,7758,14252,4706,84,unsat,1.879998451,0.03204248700000001
f2,4,9977,20608,7312,103,unsat,2.6087388229999995,0.04492728299999982
f2,5,12196,28148,10482,122,unsat,3.4722712490000003,0.05729413599999944
f2,6,14415,36872,14216,141,unsat,4.453417474,0.07139716200000024
f2,7,16634,46780,18514,160,unsat,5.519950631000002,0.09449864800000185
f2,8,18853,57872,23376,179,unsat,6.8240778880000015,0.11813722299999796
f2,9,21072,70148,28802,198,unsat,8.134497890000002,0.15678632999999564
f2,10,23291,83608,34792,217,unsat,9.596996722,0.19081792899999783
f2,11,25510,98252,41346,236,unsat,11.210280085,0.2105649000000014
f2,12,27729,114080,48464,255,unsat,12.875237077999998,0.22786306100000786
f2,13,29948,131092,56146,274,unsat,14.585718740000004,0.26901232600000924
f2,14,32167,149288,64392,293,unsat,16.523617594,0.338908528999994
f2,15,34386,168668,73202,312,unsat,18.596641212999998,0.42700842000000705
f2,16,36605,189232,82576,331,unsat,20.55026090199999,0.5100374539999848
f2,17,38824,210980,92514,350,unsat,22.800707589000012,0.4914560480000034
f2,18,41043,233912,103016,369,unsat,25.248984694,0.49822941700000456
f2,19,43262,258028,114082,388,unsat,27.650882582999998,0.5975989970000057
f2,20,45481,283328,125712,407,unsat,30.293927196,0.6845641169999794
f2,21,47700,309812,137906,426,unsat,33.01782339199997,0.7725198399999726
f2,22,49919,337480,150664,445,unsat,35.76443932199999,0.831861315000026
f2,23,52138,366332,163986,464,unsat,38.80327483900004,0.909548505000032
f2,24,54357,396368,177872,483,unsat,41.07049705500003,0.9441867450000245
f2,25,56576,427588,192322,502,unsat,43.853166406000014,1.0677326769999809
f2,26,58795,459992,207336,521,unsat,48.330748853000046,1.4534345419999681
f2,27,61014,493580,222914,540,unsat,51.15886540900004,1.2935409329999175
f2,28,63233,528352,239056,559,unsat,54.104461157999935,1.4369191360000286
f2,29,65452,564308,255762,578,unsat,57.67807862699999,1.5097056009999505
f2,30,67671,601448,273032,597,unsat,60.96261730699996,1.5698070639999742
f2,31,69890,639772,290866,616,unsat,64.78269381400003,1.7014005569999426
f2,32,72109,679280,309264,635,unsat,68.24080307600002,1.970212796999931
f2,33,74328,719972,328226,654,unsat,72.99701916700008,2.2189218649999702
f2,34,76547,761848,347752,673,unsat,78.67365623199998,2.0963152420000597
f2,35,78766,804908,367842,692,unsat,80.58267348000004,2.10038345199996
f2,36,80985,849152,388496,711,unsat,85.58065347499996,2.286613596000052
f2,37,83204,894580,409714,730,unsat,90.23500004199991,2.5285443929999474
f2,38,85423,941192,431496,749,unsat,95.199804244,2.817984484000135
f2,39,87642,988988,453842,768,unsat,100.2447602929999,2.62433058900001
f2,40,89861,1037968,476752,787,unsat,103.98676441900011,2.9555055629998606
f2,41,92080,1088132,500226,806,unsat,109.15550112899996,2.9322119260000363
f2,42,94299,1139480,524264,825,unsat,114.217977109,3.3346973210000215
f2,43,96518,1192012,548866,844,unsat,119.222830875,3.37171882299981
f2,44,98737,1245728,574032,863,unsat,124.89979698299976,3.721446748999824
f2,45,100956,1300628,599762,882,unsat,129.350940714,3.5582352930000525
f2,46,103175,1356712,626056,901,unsat,134.75221738499977,4.212689733999923
f2,47,105394,1413980,652914,920,unsat,140.2533487329997,3.936151676999998
f2,48,107613,1472432,680336,939,unsat,145.24553841099987,4.103135898999881
f2,49,109832,1532068,708322,958,unsat,151.78578582,5.146846226999969
f2,50,112051,1592888,736872,977,unsat,157.54310282799997,4.482901258000311
f2,51,114270,1654892,765986,996,unsat,162.86680931499995,4.86072790299977
f2,52,116489,1718080,795664,1015,unsat,169.69219472899977,5.335819176999848
f2,53,118708,1782452,825906,1034,unsat,173.68182844399962,5.059401477999927
f2,54,120927,1848008,856712,1053,unsat,179.8015918680003,5.245573696000065
f2,55,123146,1914748,888082,1072,unsat,185.65095447400017,6.160192881000057
f2,56,125365,1982672,920016,1091,unsat,200.948502749,7.314504324000154
f2,57,127584,2051780,952514,1110,unsat,200.36439901199992,6.792769082999257
f2,58,129803,2122072,985576,1129,unsat,207.15761346700037,6.405249702000219
f2,59,132022,2193548,1019202,1148,unsat,213.39275098600046,6.629740649999803
f2,60,134241,2266208,1053392,1167,unsat,220.3998858189998,7.132988137999746
f2,61,136460,2340052,1088146,1186,unsat,227.1684306900006,7.415876506999666
f2,62,138679,2415080,1123464,1205,unsat,234.0851893400004,7.564990951000254
f2,63,140898,2491292,1159346,1224,unsat,241.33438680899962,7.956443297999613
f2,64,143117,2568688,1195792,1243,unsat,248.93383444400024,8.17258893899998
f2,65,145336,2647268,1232802,1262,unsat,256.9695379039995,8.34802431099979
f2,66,147555,2727032,1270376,1281,unsat,264.64779604200066,8.283000278000145
f2,67,149774,2807980,1308514,1300,unsat,271.6536049839997,8.686711577999631
f2,68,151993,2890112,1347216,1319,unsat,279.6077997900002,9.152110371000163
f2,69,154212,2973428,1386482,1338,unsat,288.95517620900046,9.438228761000573
f2,70,156431,3057928,1426312,1357,unsat,295.1901849770002,10.125857678999637
f2,71,158650,3143612,1466706,1376,unsat,304.7813055890001,10.902760238000155
f2,72,160869,3230480,1507664,1395,unsat,313.0746414970008,10.199183458000334
f2,73,163088,3318532,1549186,1414,unsat,321.82771566299925,10.486359207001442
f2,74,165307,3407768,1591272,1433,unsat,329.68874993899954,9.98487639799896
f2,75,167526,3498188,1633922,1452,unsat,337.80330222200064,11.765545805999864
f2,76,169745,3589792,1677136,1471,unsat,345.4912410800007,10.067426311999952
f2,77,171964,3682580,1720914,1490,unsat,353.786650009999,10.897842555001262
f2,78,174183,3776552,1765256,1509,unsat,363.51133557700086,10.804044215999966
f2,79,176402,3871708,1810162,1528,unsat,368.83623386199906,11.488414737001222
f2,80,178621,3968048,1855632,1547,unsat,381.58910476500023,11.516374672999518
f2,81,180840,4065572,1901666,1566,unsat,388.57409604200075,12.314573760000712
f2,82,183059,4164280,1948264,1585,unsat,402.2269515019998,12.920306918000279
f2,83,185278,4264172,1995426,1604,unsat,412.7465699860004,12.96321444899877
f2,84,187497,4365248,2043152,1623,unsat,419.65123961500103,13.230865002000428
f2,85,189716,4467508,2091442,1642,unsat,432.4310907279996,14.136141278999276
f2,86,191935,4570952,2140296,1661,unsat,441.977840902,13.797568727000908
f2,87,194154,4675580,2189714,1680,unsat,450.7327793960012,14.14829412400104
f2,88,196373,4781392,2239696,1699,unsat,459.6618238070005,14.875042248999307
f2,89,198592,4888388,2290242,1718,unsat,473.02342315399983,14.739239119000558
f2,90,200811,4996568,2341352,1737,unsat,479.95213759999933,16.248486184000285
f2,91,203030,5105932,2393026,1756,unsat,493.2279551440006,15.23307870499957
f2,92,205249,5216480,2445264,1775,unsat,497.423132756001,14.80966414499926
f2,93,207468,5328212,2498066,1794,unsat,507.4312803549983,15.041773986002227
f2,94,209687,5441128,2551432,1813,unsat,518.0158222460013,15.42785113699938
f2,95,211906,5555228,2605362,1832,unsat,527.8326141319994,15.567220305001683
f2,96,214125,5670512,2659856,1851,unsat,538.5540454630027,16.45028390999869
f2,97,216344,5786980,2714914,1870,unsat,549.381911876997,16.673941363998892
f2,98,218563,5904632,2770536,1889,unsat,559.448577092,16.58506782599943
f2,99,220782,6023468,2826722,1908,unsat,571.8735083440006,16.843694635001157
f2,100,223001,6143488,2883472,1927,unsat,581.1358594660014,17.493305293002777
