id,k,ModelConstraintSize,FormulaConstraintSize,TranslationSize,FullSeparation,Result,Generation,Solving
f0,1,2859,465,84,8,unsat,0.30439635000000004,0.004763609999999974
f0,2,5134,950,185,12,unsat,0.48584219700000003,0.005062623000000044
f0,3,7409,1595,322,16,unsat,0.7286216749999999,0.004836574000000038
f0,4,9684,2400,495,20,unsat,0.9673381649999999,0.005345410999999967
f0,5,11959,3365,704,24,unsat,1.2565470000000003,0.004505371000000036
f0,6,14234,4490,949,28,unsat,1.504038301,0.00474874000000014
f0,7,16509,5775,1230,32,unsat,1.7975549850000005,0.00431517899999978
f0,8,18784,7220,1547,36,unsat,2.093210729000001,0.004712629000000135
f0,9,21059,8825,1900,40,unsat,2.427652655000001,0.006767328000000461
f0,10,23334,10590,2289,44,unsat,2.745627495000001,0.004830655999999323
f0,11,25609,12515,2714,48,unsat,3.080937768,0.004952753000001309
f0,12,27884,14600,3175,52,unsat,3.4671467059999976,0.0048337900000028355
f0,13,30159,16845,3672,56,unsat,3.8079850230000005,0.004651887999997939
f0,14,32434,19250,4205,60,unsat,4.236066012000002,0.0052215070000016794
f0,15,34709,21815,4774,64,unsat,4.633190565000003,0.005099899999997604
f0,16,36984,24540,5379,68,unsat,5.043842200999997,0.00526263300000096
f0,17,39259,27425,6020,72,unsat,5.5286738559999975,0.0054186360000016975
f0,18,41534,30470,6697,76,unsat,5.943494923000003,0.005018817999996372
f0,19,43809,33675,7410,80,unsat,6.375945952999999,0.005340854000003503
f0,20,46084,37040,8159,84,unsat,6.7739007789999945,0.004827273000003629
f0,21,48359,40565,8944,88,unsat,7.2087441420000005,0.0046503479999984165
f0,22,50634,44250,9765,92,unsat,7.713053783999996,0.004338121000003525
f0,23,52909,48095,10622,96,unsat,8.184412719000008,0.004538741999994045
f0,24,55184,52100,11515,100,unsat,8.684405831000007,0.0043790889999968385
f0,25,57459,56265,12444,104,unsat,9.185552924999996,0.004366583000006585
f0,26,59734,60590,13409,108,unsat,9.744123586,0.0047931750000032025
f0,27,62009,65075,14410,112,unsat,10.23170397700001,0.004177134000002525
f0,28,64284,69720,15447,116,unsat,10.965940329999995,0.004039892000008649
f0,29,66559,74525,16520,120,unsat,11.508146578999998,0.0035650370000155363
f0,30,68834,79490,17629,124,unsat,12.010571297000013,0.0034936099999924863
f0,31,71109,84615,18774,128,unsat,12.66905293100001,0.004637764999984029
f0,32,73384,89900,19955,132,unsat,13.32519414799998,0.003646938999992244
f0,33,75659,95345,21172,136,unsat,13.79123916399999,0.003654578999999103
f0,34,77934,100950,22425,140,unsat,14.50519285499999,0.0039023650000160615
f0,35,80209,106715,23714,144,unsat,15.099918791999983,0.0040329020000058335
f0,36,82484,112640,25039,148,unsat,15.863977315999989,0.003933129000017743
f0,37,84759,118725,26400,152,unsat,16.618111682999995,0.004142549999983203
f0,38,87034,124970,27797,156,unsat,17.25100440099999,0.004056352000020524
f0,39,89309,131375,29230,160,unsat,18.08009376000001,0.004800450999994155
f0,40,91584,137940,30699,164,unsat,18.873724901000003,0.004039900999998736
f0,41,93859,144665,32204,168,unsat,19.49436211799997,0.004066833999956998
f0,42,96134,151550,33745,172,unsat,20.253238032000013,0.0042868510000175775
f0,43,98409,158595,35322,176,unsat,21.42870739700004,0.00446731799996769
f0,44,100684,165800,36935,180,unsat,22.186738136999963,0.0043435769999859986
f0,45,102959,173165,38584,184,unsat,23.423822325999993,0.0046181329999512855
f0,46,105234,180690,40269,188,unsat,24.06613382500001,0.004461918999993486
f0,47,107509,188375,41990,192,unsat,24.455834019999998,0.0038244759999770395
f0,48,109784,196220,43747,196,unsat,25.221066821000022,0.0036261319999653097
f0,49,112059,204225,45540,200,unsat,26.160006039000052,0.004109287999995104
f0,50,114334,212390,47369,204,unsat,27.35310911199997,0.00419898400002694
