id,k,ModelConstraintSize,FormulaConstraintSize,TranslationSize,FullSeparation,Result,Generation,Solving
f2,1,2859,6051,1144,41,unsat,0.741775763,0.004354650999999987
f2,2,5134,11536,2498,57,unsat,1.4400979479999998,0.004773090000000035
f2,3,7409,18789,4380,73,unsat,2.219960394,0.004349913000000427
f2,4,9684,27810,6790,89,unsat,3.230298621,0.004385799000000468
f2,5,11959,38599,9728,105,unsat,4.294455662999999,0.004387958999998887
f2,6,14234,51156,13194,121,unsat,5.652307293,0.004561844999997788
f2,7,16509,65481,17188,137,unsat,7.058448300000002,0.004874665999999195
f2,8,18784,81574,21710,153,unsat,8.710823587999997,0.004810351000003266
f2,9,21059,99435,26760,169,unsat,10.40182566,0.004457481999999402
f2,10,23334,119064,32338,185,unsat,12.471794082000002,0.004261214999999652
f2,11,25609,140461,38444,201,unsat,14.628350481999995,0.004410495999991326
f2,12,27884,163626,45078,217,unsat,16.717566641000005,0.005507362000003013
f2,13,30159,188559,52240,233,unsat,19.084252531000004,0.003932140999992839
f2,14,32434,215260,59930,249,unsat,21.727855414999993,0.0036724710000157756
f2,15,34709,243729,68148,265,unsat,23.842356015999997,0.003637322000002996
f2,16,36984,273966,76894,281,unsat,26.800905551,0.0037130979999915326
f2,17,39259,305971,86168,297,unsat,29.805398771,0.004125799000007646
f2,18,41534,339744,95970,313,unsat,32.795208382,0.003961490000023105
f2,19,43809,375285,106300,329,unsat,36.261503706999974,0.0035625740000000405
f2,20,46084,412594,117158,345,unsat,40.041810806,0.0037426860000095985
f2,21,48359,451671,128544,361,unsat,43.526329033000025,0.0038455860000112807
f2,22,50634,492516,140458,377,unsat,47.30378690099997,0.004207233999977689
f2,23,52909,535129,152900,393,unsat,51.293272290999994,0.003760869000018374
f2,24,55184,579510,165870,409,unsat,56.224243119999926,0.004436730999941574
f2,25,57459,625659,179368,425,unsat,59.78888185199992,0.003724980000015421
f2,26,59734,673576,193394,441,unsat,63.902882389999945,0.003798257999960697
f2,27,62009,723261,207948,457,unsat,68.404702144,0.004445379000003413
f2,28,64284,774714,223030,473,unsat,73.64036464499998,0.004944252000086635
f2,29,66559,827935,238640,489,unsat,77.76993043599998,0.0038271839999879376
f2,30,68834,882924,254778,505,unsat,83.13201638999999,0.004126716000087072
f2,31,71109,939681,271444,521,unsat,88.36684310099997,0.004916893999961758
f2,32,73384,998206,288638,537,unsat,93.8851312249999,0.0045495609999761655
f2,33,75659,1058499,306360,553,unsat,97.99392146599985,0.003780220999942685
f2,34,77934,1120560,324610,569,unsat,104.62063129500007,0.004223602999900322
f2,35,80209,1184389,343388,585,unsat,112.75623365899992,0.00469724499998847
f2,36,82484,1249986,362694,601,unsat,118.60297631799995,0.004067553999902884
f2,37,84759,1317351,382528,617,unsat,124.84421637200012,0.003984315000025163
f2,38,87034,1386484,402890,633,unsat,129.55323222599986,0.004749925999931293
f2,39,89309,1457385,423780,649,unsat,136.101807344,0.0041230560000258265
f2,40,91584,1530054,445198,665,unsat,141.28976693599975,0.004599660000167205
f2,41,93859,1604491,467144,681,unsat,148.04500086000007,0.004979480999736552
f2,42,96134,1680696,489618,697,unsat,157.42516692100025,0.0047480540001743066
f2,43,98409,1758669,512620,713,unsat,163.47968698500017,0.004017380000277626
f2,44,100684,1838410,536150,729,unsat,170.97874664099982,0.004427507999935187
f2,45,102959,1919919,560208,745,unsat,179.06887577299995,0.003908101999968494
f2,46,105234,2003196,584794,761,unsat,187.1200878720001,0.0060687999998663145
f2,47,107509,2088241,609908,777,unsat,196.9451069820002,0.004941439000049286
f2,48,109784,2175054,635550,793,unsat,206.18068571000003,0.004879387000073621
f2,49,112059,2263635,661720,809,unsat,210.7833284200001,0.004603201999998419
f2,50,114334,2353984,688418,825,unsat,220.51689733299963,0.007771393999973952
