id,k,ModelConstraintSize,FormulaConstraintSize,TranslationSize,FullSeparation,Result,Generation,Solving
f1,1,2859,465,84,8,unsat,0.339768791,0.004730396000000026
f1,2,5134,950,185,12,unsat,0.48227525400000004,0.0042382410000000315
f1,3,7409,1595,322,16,unsat,0.722115671,0.004656886000000027
f1,4,9684,2400,495,20,unsat,0.975661283,0.004757254999999905
f1,5,11959,3365,704,24,unsat,1.253236551,0.004335908999999916
f1,6,14234,4490,949,28,unsat,1.50204,0.004801520000000892
f1,7,16509,5775,1230,32,unsat,1.7959854130000004,0.004577030000000093
f1,8,18784,7220,1547,36,unsat,2.09807232,0.005211676000000054
f1,9,21059,8825,1900,40,unsat,2.4344405899999995,0.004529294000001016
f1,10,23334,10590,2289,44,unsat,2.7440457009999992,0.004450799999998978
f1,11,25609,12515,2714,48,unsat,3.095745320999999,0.005719453000001096
f1,12,27884,14600,3175,52,unsat,3.4869226379999994,0.004935206999999053
f1,13,30159,16845,3672,56,unsat,3.831601667000001,0.005094020999997895
f1,14,32434,19250,4205,60,unsat,4.258215722999999,0.005952897000000235
f1,15,34709,21815,4774,64,unsat,4.625427974999997,0.005131484000003184
f1,16,36984,24540,5379,68,unsat,5.080648279000002,0.004738624999994556
f1,17,39259,27425,6020,72,unsat,5.5626871129999955,0.005879732000003912
f1,18,41534,30470,6697,76,unsat,5.994902505999995,0.005290866000002836
f1,19,43809,33675,7410,80,unsat,6.414197491000003,0.0048961050000002615
f1,20,46084,37040,8159,84,unsat,6.845723687000003,0.004680171000003952
f1,21,48359,40565,8944,88,unsat,7.205761354000003,0.0046428320000018175
f1,22,50634,44250,9765,92,unsat,7.764995811000006,0.004405175999991684
f1,23,52909,48095,10622,96,unsat,8.197348840999993,0.004400736999997434
f1,24,55184,52100,11515,100,unsat,8.716597061000002,0.0047097329999985504
f1,25,57459,56265,12444,104,unsat,9.259672205000001,0.004533639000001699
f1,26,59734,60590,13409,108,unsat,9.859407513999997,0.004195938999998816
f1,27,62009,65075,14410,112,unsat,10.296395641999993,0.004089265999994041
f1,28,64284,69720,15447,116,unsat,10.93927263000002,0.004267935999990868
f1,29,66559,74525,16520,120,unsat,11.608407577999998,0.0035408079999967867
f1,30,68834,79490,17629,124,unsat,12.038091210999994,0.0035385149999740406
f1,31,71109,84615,18774,128,unsat,12.648849603000002,0.0035991009999918333
f1,32,73384,89900,19955,132,unsat,13.269836968000021,0.0036094330000082664
f1,33,75659,95345,21172,136,unsat,13.821084829,0.004009685999989188
f1,34,77934,100950,22425,140,unsat,14.742127834999991,0.003450686999997288
f1,35,80209,106715,23714,144,unsat,15.16068543199998,0.00392702000002032
f1,36,82484,112640,25039,148,unsat,15.942088348999988,0.003976899000008416
f1,37,84759,118725,26400,152,unsat,16.901304836999998,0.004013323999970453
f1,38,87034,124970,27797,156,unsat,17.239975917000038,0.003952715000025364
f1,39,89309,131375,29230,160,unsat,18.267125856000007,0.004052889000035975
f1,40,91584,137940,30699,164,unsat,18.780572793999966,0.004829603000018778
f1,41,93859,144665,32204,168,unsat,19.644552092000026,0.004069022999999561
f1,42,96134,151550,33745,172,unsat,20.56391642699998,0.004313271000000896
f1,43,98409,158595,35322,176,unsat,21.663068294000027,0.004297076000000288
f1,44,100684,165800,36935,180,unsat,22.067177649999962,0.004401118999965092
f1,45,102959,173165,38584,184,unsat,23.16564998199999,0.0045711669999946025
f1,46,105234,180690,40269,188,unsat,23.89043180899995,0.004281491000028836
f1,47,107509,188375,41990,192,unsat,24.420409968,0.005574601999967399
f1,48,109784,196220,43747,196,unsat,25.509470217,0.0036088609999751498
f1,49,112059,204225,45540,200,unsat,26.046666042000027,0.0035868010000967843
f1,50,114334,212390,47369,204,unsat,26.99655304199996,0.004256751000070835
