id,k,ModelConstraintSize,FormulaConstraintSize,TranslationSize,FullSeparation,Result,Generation,Solving
f0,1,1253,465,84,8,unsat,0.177042279,0.0066344849999999955
f0,2,2102,950,185,12,unsat,0.251118357,0.007742826000000036
f0,3,2951,1595,322,16,unsat,0.3732195710000001,0.009473284999999998
f0,4,3800,2400,495,20,unsat,0.5238839029999999,0.0117121790000001
f0,5,4649,3365,704,24,unsat,0.658675433,0.013840085000000002
f0,6,5498,4490,949,28,unsat,0.8341900660000001,0.017043166999999748
f0,7,6347,5775,1230,32,unsat,1.0202511170000004,0.02013675699999995
f0,8,7196,7220,1547,36,unsat,1.1880350279999998,0.02375850599999918
f0,9,8045,8825,1900,40,unsat,1.3911581349999995,0.02890364400000056
f0,10,8894,10590,2289,44,unsat,1.6997093670000005,0.0340423990000005
f0,11,9743,12515,2714,48,unsat,1.8456888249999999,0.03965445000000045
f0,12,10592,14600,3175,52,unsat,2.0915780749999993,0.04549085900000094
f0,13,11441,16845,3672,56,unsat,2.372202419999999,0.05067326700000052
f0,14,12290,19250,4205,60,unsat,2.667732923000001,0.06311668200000042
f0,15,13139,21815,4774,64,unsat,2.9547094069999993,0.0705416800000016
f0,16,13988,24540,5379,68,unsat,3.2137595070000025,0.07823555899999945
f0,17,14837,27425,6020,72,unsat,3.5500200480000004,0.08937679299999957
f0,18,15686,30470,6697,76,unsat,3.8637735279999994,0.10022758299999879
f0,19,16535,33675,7410,80,unsat,4.3985127279999965,0.11132183899999859
f0,20,17384,37040,8159,84,unsat,4.576509135000002,0.12949101099999893
f0,21,18233,40565,8944,88,unsat,4.972268965000005,0.1367362670000034
f0,22,19082,44250,9765,92,unsat,5.362556389999995,0.15208208499999643
f0,23,19931,48095,10622,96,unsat,5.733446645999997,0.16415957200000264
f0,24,20780,52100,11515,100,unsat,6.220765512,0.1809405520000027
f0,25,21629,56265,12444,104,unsat,6.6975018270000035,0.19420013100000233
f0,26,22478,60590,13409,108,unsat,7.036873732000004,0.21363391100000229
f0,27,23327,65075,14410,112,unsat,7.4455885429999995,0.23131806900001095
f0,28,24176,69720,15447,116,unsat,7.940608706000006,0.24675113199999998
f0,29,25025,74525,16520,120,unsat,8.54603594999999,0.28380966599999624
f0,30,25874,79490,17629,124,unsat,8.927549626000001,0.30544603499998857
f0,31,26723,84615,18774,128,unsat,9.380124327999994,0.31972862000000646
f0,32,27572,89900,19955,132,unsat,9.952758774000017,0.3476485079999918
f0,33,28421,95345,21172,136,unsat,10.527817654000017,0.36964719400000945
f0,34,29270,100950,22425,140,unsat,11.037720911000008,0.39696832300001006
f0,35,30119,106715,23714,144,unsat,11.70161023099999,0.4208731230000069
f0,36,30968,112640,25039,148,unsat,12.430445900999985,0.4507516580000015
f0,37,31817,118725,26400,152,unsat,13.055155541000005,0.4845525709999947
f0,38,32666,124970,27797,156,unsat,13.445461316999996,0.5114593220000074
f0,39,33515,131375,29230,160,unsat,13.976510388000008,0.5613228619999973
f0,40,34364,137940,30699,164,unsat,14.617699933000011,0.589836914000017
f0,41,35213,144665,32204,168,unsat,15.334277111999995,0.6302520250000043
f0,42,36062,151550,33745,172,unsat,16.01630514200002,0.6694887950000066
f0,43,36911,158595,35322,176,unsat,16.59589465800002,0.7302234169999906
f0,44,37760,165800,36935,180,unsat,17.44283135300003,0.7780707339999822
f0,45,38609,173165,38584,184,unsat,18.10746377600003,0.8001909409999826
f0,46,39458,180690,40269,188,unsat,18.995234738000022,0.8769069300000183
f0,47,40307,188375,41990,192,unsat,19.638055982000026,0.9123523330000012
f0,48,41156,196220,43747,196,unsat,20.48586659099999,0.9490691640000364
f0,49,42005,204225,45540,200,unsat,21.114904793999983,1.0256603159999713
f0,50,42854,212390,47369,204,unsat,21.791645318000008,1.0782023959999947
f0,51,43703,220715,49234,208,unsat,22.520087762999992,1.134204359000023
f0,52,44552,229200,51135,212,unsat,23.474985223000033,1.1872616339999809
f0,53,45401,237845,53072,216,unsat,24.303249668999968,1.262493237000001
f0,54,46250,246650,55045,220,unsat,25.34077038800001,1.3149445939999396
f0,55,47099,255615,57054,224,unsat,26.043925721999926,1.408944986999927
f0,56,47948,264740,59099,228,unsat,26.77367969599993,1.4583020100000113
f0,57,48797,274025,61180,232,unsat,27.737889641000038,1.5507543429999942
f0,58,49646,283470,63297,236,unsat,28.764716718000045,1.6239423890000353
f0,59,50495,293075,65450,240,unsat,29.48789844700002,1.8327893800000084
f0,60,51344,302840,67639,244,unsat,30.665287534000072,1.7684075629999825
f0,61,52193,312765,69864,248,unsat,31.59954231300003,1.893664092999984
f0,62,53042,322850,72125,252,unsat,32.244399150999925,1.9880832169999394
f0,63,53891,333095,74422,256,unsat,33.33426287499992,2.084610866000048
f0,64,54740,343500,76755,260,unsat,34.395333957999924,2.155414366999935
f0,65,55589,354065,79124,264,unsat,35.286806231000014,2.4251493319999327
f0,66,56438,364790,81529,268,unsat,36.31473688799997,2.3693420160000187
f0,67,57287,375675,83970,272,unsat,37.40178600499996,2.4757357930000126
f0,68,58136,386720,86447,276,unsat,38.23537002499995,2.560010403999968
f0,69,58985,397925,88960,280,unsat,39.172965684999895,2.643189613000004
f0,70,59834,409290,91509,284,unsat,40.44061533000013,2.797883506000062
f0,71,60683,420815,94094,288,unsat,41.65678037600014,2.913688056999945
f0,72,61532,432500,96715,292,unsat,42.811322921000055,3.066681757999959
f0,73,62381,444345,99372,296,unsat,43.87848394299999,3.0810526019999998
f0,74,63230,456350,102065,300,unsat,45.264861910000036,3.2773333759998877
f0,75,64079,468515,104794,304,unsat,46.015139066000074,3.3719399399999475
f0,76,64928,480840,107559,308,unsat,47.02030553199984,3.500823753000077
f0,77,65777,493325,110360,312,unsat,48.516411651,3.6088436199997886
f0,78,66626,505970,113197,316,unsat,49.70039949400007,3.8473771999999826
f0,79,67475,518775,116070,320,unsat,51.379310055999895,3.9428531650000878
f0,80,68324,531740,118979,324,unsat,51.96300399200004,4.093800524000017
f0,81,69173,544865,121924,328,unsat,53.69119108500013,4.193964296999866
f0,82,70022,558150,124905,332,unsat,54.77283093200003,4.371935282000095
f0,83,70871,571595,127922,336,unsat,55.554949607000026,4.514035483999805
f0,84,71720,585200,130975,340,unsat,57.154367399999956,4.748469874999955
f0,85,72569,598965,134064,344,unsat,58.34793120999984,4.794133208999938
f0,86,73418,612890,137189,348,unsat,59.895080388,5.15134358399996
f0,87,74267,626975,140350,352,unsat,60.986839445999976,5.2686679779999395
f0,88,75116,641220,143547,356,unsat,62.68881892399986,5.433970348000003
f0,89,75965,655625,146780,360,unsat,63.55875824800023,5.781711787999939
f0,90,76814,670190,150049,364,unsat,65.41818868600012,5.857675320999988
f0,91,77663,684915,153354,368,unsat,66.84008157400012,6.074459792000198
f0,92,78512,699800,156695,372,unsat,67.24887828100009,6.3816870099999505
f0,93,79361,714845,160072,376,unsat,69.18657852200022,6.519265823000296
f0,94,80210,730050,163485,380,unsat,70.67857569699981,6.609939697999835
f0,95,81059,745415,166934,384,unsat,71.82451770699981,7.037449774999914
f0,96,81908,760940,170419,388,unsat,73.25911602299993,7.092669354000009
f0,97,82757,776625,173940,392,unsat,74.79906364199996,7.176956704000077
f0,98,83606,792470,177497,396,unsat,76.09086845299998,7.6019776940001975
f0,99,84455,808475,181090,400,unsat,77.69922511499999,7.825290607999705
f0,100,85304,824640,184719,404,unsat,79.43940476500029,8.33166174500002
