id,k,ModelConstraintSize,FormulaConstraintSize,TranslationSize,FullSeparation,Result,Generation,Solving
f3,1,1605,6051,1144,41,unsat,0.731089442,0.02008216900000004
f3,2,2630,11536,2498,57,unsat,1.238664504,0.03407504800000005
f3,3,3655,18789,4380,73,unsat,1.9335534600000002,0.05692188099999962
f3,4,4680,27810,6790,89,unsat,2.8680235940000003,0.09122161499999937
f3,5,5705,38599,9728,105,unsat,3.8444140429999996,0.12302755099999985
f3,6,6730,51156,13194,121,unsat,5.049592563000001,0.18450115999999994
f3,7,7755,65481,17188,137,unsat,6.509636335,0.23906425900000272
f3,8,8780,81574,21710,153,unsat,7.914204366,0.31822887599999916
f3,9,9805,99435,26760,169,unsat,9.627425467999998,0.39719669600000174
f3,10,10830,119064,32338,185,unsat,11.385395440000003,0.4876394619999971
f3,11,11855,140461,38444,201,unsat,13.423996089000006,0.6154077779999909
f3,12,12880,163626,45078,217,unsat,15.608063971999997,0.737462782999998
f3,13,13905,188559,52240,233,unsat,17.897371635,0.9216787780000004
f3,14,14930,215260,59930,249,unsat,20.475808494000006,1.0790893280000091
f3,15,15955,243729,68148,265,unsat,22.973296004000005,1.2733136410000157
f3,16,16980,273966,76894,281,unsat,25.734496108000002,1.5290249500000073
f3,17,18005,305971,86168,297,unsat,28.932928576999984,1.7835108300000115
f3,18,19030,339744,95970,313,unsat,32.183694048999996,2.0744311999999923
f3,19,20055,375285,106300,329,unsat,35.320857332,2.458816182000021
f3,20,21080,412594,117158,345,unsat,38.548066344999995,2.81502323899997
f3,21,22105,451671,128544,361,unsat,42.56491813700001,3.1955621600000086
f3,22,23130,492516,140458,377,unsat,46.27844706799999,3.5361572740000042
f3,23,24155,535129,152900,393,unsat,50.18560441699998,3.9822705619999965
f3,24,25180,579510,165870,409,unsat,54.17066212799995,4.623534156000005
f3,25,26205,625659,179368,425,unsat,58.604751215999954,5.3065914620000285
f3,26,27230,673576,193394,441,unsat,62.643472228000064,6.036427135000054
f3,27,28255,723261,207948,457,unsat,67.22548753799992,7.499510759000032
f3,28,29280,774714,223030,473,unsat,72.00409480600001,9.039256303999991
f3,29,30305,827935,238640,489,unsat,77.24516646899997,11.205865141000004
f3,30,31330,882924,254778,505,unsat,82.38563566800008,16.451873233000015
f3,31,32355,939681,271444,521,unsat,87.7465758190001,18.358642807000024
f3,32,33380,998206,288638,537,unsat,93.53436511500013,22.84103399600008
f3,33,34405,1058499,306360,553,unsat,98.43085903300016,28.17612437999992
f3,34,35430,1120560,324610,569,unsat,104.47794012700001,32.117314463999946
f3,35,36455,1184389,343388,585,unsat,110.63883318900002,37.02418187099988
f3,36,37480,1249986,362694,601,unsat,116.84498317900011,46.06439496600001
f3,37,38505,1317351,382528,617,unsat,122.693180643,50.13978510600009
f3,38,39530,1386484,402890,633,unsat,130.01444860100014,57.757716084000094
f3,39,40555,1457385,423780,649,unsat,137.00027716700015,60.91533137799979
f3,40,41580,1530054,445198,665,unsat,143.4827081379999,71.883961172
f3,41,42605,1604491,467144,681,unsat,149.81368518099998,73.34053749799978
f3,42,43630,1680696,489618,697,unsat,155.86873391100016,77.9823261040001
f3,43,44655,1758669,512620,713,unsat,162.0473096249998,89.59661862699977
f3,44,45680,1838410,536150,729,unsat,171.18891378299986,98.42953411200006
f3,45,46705,1919919,560208,745,unsat,183.11179796999977,107.3372507930003
f3,46,47730,2003196,584794,761,unsat,191.00662813300005,114.53858211499937
f3,47,48755,2088241,609908,777,unsat,200.0844663810003,131.94023294599992
f3,48,49780,2175054,635550,793,unsat,208.2932648670003,140.03262489200006
f3,49,50805,2263635,661720,809,unsat,217.63219994300016,154.07800768699963
f3,50,51830,2353984,688418,825,unsat,223.98442016399986,137.97026102400014
f3,51,52855,2446101,715644,841,unsat,222.39683870499994,109.00125456400019
f3,52,53880,2539986,743398,857,unsat,229.28840045800007,94.19468457400035
f3,53,54905,2635639,771680,873,unsat,238.98585313900003,125.31681593600024
f3,54,55930,2733060,800490,889,unsat,250.0644707420006,93.93078015300034
f3,55,56955,2832249,829828,905,unsat,259.24889374100076,95.02506856399941
f3,56,57980,2933206,859694,921,unsat,269.4008612609996,100.53480179900089
f3,57,59005,3035931,890088,937,unsat,275.0176286120004,129.76548897499924
f3,58,60030,3140424,921010,953,unsat,284.3826962659996,123.23746359500001
f3,59,61055,3246685,952460,969,unsat,292.7723325450006,157.29288308200012
f3,60,62080,3354714,984438,985,unsat,304.08307760499883,165.4766988600004
f3,61,63105,3464511,1016944,1001,unsat,320.8326231730007,187.4557330630014
f3,62,64130,3576076,1049978,1017,unsat,322.3961113589994,173.35001353200096
f3,63,65155,3689409,1083540,1033,unsat,331.96201153400034,226.1709212909991
f3,64,66180,3804510,1117630,1049,unsat,343.3396925020006,199.9144411849993
f3,65,67205,3921379,1152248,1065,unsat,353.17573277500014,204.29007208599978
f3,66,68230,4040016,1187394,1081,unsat,361.21558463600013,221.03145460700034
f3,67,69255,4160421,1223068,1097,unsat,370.9681881479992,221.40652673800105
f3,68,70280,4282594,1259270,1113,unsat,385.0477579059989,263.5623602830001
f3,69,71305,4406535,1296000,1129,unsat,393.18932957299876,309.0391894129989
f3,70,72330,4532244,1333258,1145,unsat,406.57034772500083,383.2777110240004
f3,71,73355,4659721,1371044,1161,unsat,417.29824454200025,347.949953931
f3,72,74380,4788966,1409358,1177,unsat,429.3334606219996,387.153466861997
f3,73,75405,4919979,1448200,1193,unsat,440.0763611750008,427.07403998800146
f3,74,76430,5052760,1487570,1209,unsat,453.5535985780007,448.70146137900156
f3,75,77455,5187309,1527468,1225,unsat,463.31276130600236,532.1357048509999
f3,76,78480,5323626,1567894,1241,unsat,474.54946725000264,576.4310544159998
f3,77,79505,5461711,1608848,1257,unsat,489.8487410689995,583.0924085890001
f3,78,80530,5601564,1650330,1273,unsat,500.1191024789987,577.7754716269992
