id,k,ModelConstraintSize,FormulaConstraintSize,TranslationSize,FullSeparation,Result,Generation,Solving
f2,1,1708,5047,1141,44,unsat,0.6332487500000001,0.013923625999999967
f2,2,2765,8962,2546,63,unsat,1.022300729,0.06803449300000008
f2,3,3822,14025,4479,82,unsat,1.5586876399999998,0.7666527199999997
f2,4,4879,20236,6940,101,unsat,2.247849274999999,11.133786849
f2,5,5936,27595,9929,120,unsat,2.984199597,10.187783651999997
f2,6,6993,36102,13446,139,unsat,3.846102549000001,10.213031575000002
f2,7,8050,45757,17491,158,unsat,4.831638486000003,11.155821080000003
f2,8,9107,56560,22064,177,unsat,5.943179659000002,10.125795964999995
f2,9,10164,68511,27165,196,unsat,7.187421371999989,11.569754453000002
f2,10,11221,81610,32794,215,unsat,8.408158127000007,11.818094427999995
f2,11,12278,95857,38951,234,unsat,9.956804513999998,12.96753791800002
f2,12,13335,111252,45636,253,unsat,11.428142401000002,12.356797747999991
f2,13,14392,127795,52849,272,unsat,12.966049639000005,11.336195185000008
f2,14,15449,145486,60590,291,unsat,14.808267256999983,26.88719860499998
f2,15,16506,164325,68859,310,unsat,16.615459471999998,17.504908943999993
f2,16,17563,184312,77656,329,unsat,18.515885087999948,20.101392926000017
f2,17,18620,205447,86981,348,unsat,20.553534807999995,20.641807905999997
f2,18,19677,227730,96834,367,unsat,22.81260909499997,13.666864525999983
f2,19,20734,251161,107215,386,unsat,25.044695972,21.01698567599999
f2,20,21791,275740,118124,405,unsat,27.741337433000012,22.686210287999984
f2,21,22848,301467,129561,424,unknown,30.07740823300003,6874.066955185
f2,22,23905,328342,141526,443,unsat,32.87913909700001,12.51544990399998
f2,23,24962,356365,154019,462,unsat,35.612288156999966,13.920621253999343
f2,24,26019,385536,167040,481,unknown,38.42154286499954,6977.493873679
f2,25,27076,415855,180589,500,unknown,41.46596345100079,5988.104252296
f2,26,28133,447322,194666,519,unknown,44.426347410000744,6634.267688898999
f2,27,29190,479937,209271,538,unsat,47.32780968899897,26.704320790002384
