id,k,ModelConstraintSize,FormulaConstraintSize,TranslationSize,FullSeparation,Result,Generation,Solving
f3,1,2919,6051,1144,41,unsat,0.7969197500000001,0.004724759000000023
f3,2,5224,11536,2498,57,unsat,1.4182161500000001,0.0048132230000002
f3,3,7529,18789,4380,73,unsat,2.2036178960000004,0.004957300999999248
f3,4,9834,27810,6790,89,unsat,3.228934832,0.004830499000000543
f3,5,12139,38599,9728,105,unsat,4.306599533000001,0.005127369000000215
f3,6,14444,51156,13194,121,unsat,5.613177240999999,0.004910145000000199
f3,7,16749,65481,17188,137,unsat,7.061048454999998,0.005741096000001278
f3,8,19054,81574,21710,153,unsat,8.683342962000001,0.005625580000000241
f3,9,21359,99435,26760,169,unsat,10.488976639,0.005084517999996763
f3,10,23664,119064,32338,185,unsat,12.429078633000003,0.005250263000000643
f3,11,25969,140461,38444,201,unsat,14.513524731000004,0.005405949999996551
f3,12,28274,163626,45078,217,unsat,16.518456712999992,0.004891306999994072
f3,13,30579,188559,52240,233,unsat,18.838658761999994,0.0046023099999956685
f3,14,32884,215260,59930,249,unsat,21.303393575,0.004163499999989995
f3,15,35189,243729,68148,265,unsat,24.031160522999997,0.0036939899999879344
f3,16,37494,273966,76894,281,unsat,26.691770247999983,0.003824027999996815
f3,17,39799,305971,86168,297,unsat,29.576850983000014,0.003909924999987879
f3,18,42104,339744,95970,313,unsat,32.82910328700001,0.004641697000010936
f3,19,44409,375285,106300,329,unsat,36.23741349400001,0.0038686329999677582
f3,20,46714,412594,117158,345,unsat,39.639583363999975,0.004251277999969716
f3,21,49019,451671,128544,361,unsat,43.275717963999966,0.0044911090000141485
f3,22,51324,492516,140458,377,unsat,47.346842853,0.004842807000045468
f3,23,53629,535129,152900,393,unsat,51.93419629899995,0.004341852999971252
f3,24,55934,579510,165870,409,unsat,56.407843119000006,0.004814724999960163
f3,25,58239,625659,179368,425,unsat,59.98422830000004,0.004482775000042238
f3,26,60544,673576,193394,441,unsat,64.39250740800003,0.00379796400000032
f3,27,62849,723261,207948,457,unsat,68.53333977200009,0.004722855999943931
f3,28,65154,774714,223030,473,unsat,73.405616216,0.005725461999986692
f3,29,67459,827935,238640,489,unsat,78.63514948,0.004686158000026808
f3,30,69764,882924,254778,505,unsat,83.46029211299992,0.004618028999971102
f3,31,72069,939681,271444,521,unsat,88.51410583199993,0.004967395999983637
f3,32,74374,998206,288638,537,unsat,93.73446365899986,0.004991803999928379
f3,33,76679,1058499,306360,553,unsat,98.589883052,0.004766286000176478
f3,34,78984,1120560,324610,569,unsat,105.23920273099998,0.004700033000062831
f3,35,81289,1184389,343388,585,unsat,111.8678574359999,0.0050512149998667155
f3,36,83594,1249986,362694,601,unsat,117.04902655199999,0.004872805000104563
f3,37,85899,1317351,382528,617,unsat,122.10612690099993,0.004631455999970058
f3,38,88204,1386484,402890,633,unsat,127.75028837900004,0.00502856499997506
f3,39,90509,1457385,423780,649,unsat,134.4318738410002,0.004569739000089612
f3,40,92814,1530054,445198,665,unsat,143.28131973499967,0.005110892999709904
f3,41,95119,1604491,467144,681,unsat,149.33567979600002,0.005250074999821663
f3,42,97424,1680696,489618,697,unsat,154.49780676,0.004780881999977282
f3,43,99729,1758669,512620,713,unsat,161.03092704000028,0.005215842999859888
f3,44,102034,1838410,536150,729,unsat,168.45834771499995,0.005094396000004053
f3,45,104339,1919919,560208,745,unsat,176.06760475600004,0.004970101999788312
f3,46,106644,2003196,584794,761,unsat,183.021415917,0.005037810999965586
f3,47,108949,2088241,609908,777,unsat,192.1278756920001,0.004887419000169757
f3,48,111254,2175054,635550,793,unsat,198.74981218699986,0.0048737520000941
f3,49,113559,2263635,661720,809,unsat,207.74214318999975,0.004703025999788224
f3,50,115864,2353984,688418,825,unsat,215.11205165599995,0.004974570999820571
