k,ModelConstraintSize,Result,Generation,Solving
1,2332,unsat,0.258469237,0.004099302999999999
1,2332,unsat,0.302586579,0.0038605210000000056
2,4341,unsat,0.437299485,0.003886141999999926
1,2332,unsat,0.277952531,0.004031021999999995
1,2332,unsat,0.28428224500000004,0.004349653000000009
2,4341,unsat,0.44280156900000006,0.004029323000000029
2,4341,unsat,0.439546353,0.003963469000000108
3,6350,unsat,0.64874171,0.005135174999999936
3,6350,unsat,0.660013893,0.004025573999999921
4,8359,unsat,0.836474532,0.0037584539999997446
2,4341,unsat,0.45762230200000004,0.00446407400000004
3,6350,unsat,0.680953521,0.004165917999999991
4,8359,unsat,0.8569613779999998,0.005641344999999909
3,6350,unsat,0.6809410839999999,0.004726438000000055
5,10368,unsat,1.0393559739999998,0.004032462999999709
4,8359,unsat,0.8436019309999998,0.004137571000000229
5,10368,unsat,1.067012685,0.004031260000000092
4,8359,unsat,0.8537245709999999,0.0038379799999996855
6,12377,unsat,1.230106534,0.0038481390000004723
5,10368,unsat,1.0597210549999998,0.004519127000000012
5,10368,unsat,1.0627991480000003,0.00407225500000008
6,12377,unsat,1.2620843339999999,0.004341570000000239
6,12377,unsat,1.2457600610000004,0.0043502479999997234
7,14386,unsat,1.4690144209999998,0.004150693000000594
6,12377,unsat,1.2449850709999994,0.0039549139999994765
7,14386,unsat,1.4733781930000003,0.003979906999999727
7,14386,unsat,1.4487761959999998,0.004444348999999903
8,16395,unsat,1.674056245,0.003981356000000602
7,14386,unsat,1.4662161970000005,0.004117456000000352
8,16395,unsat,1.6624537869999987,0.00424466499999987
8,16395,unsat,1.6453398039999998,0.004230962999999477
9,18404,unsat,1.8974152699999998,0.004488767999999865
8,16395,unsat,1.6779936260000001,0.004536053999999012
9,18404,unsat,1.924752755,0.004358573999999393
9,18404,unsat,1.8895565220000012,0.004160649999999322
9,18404,unsat,1.8953420539999986,0.004239364000000023
10,20413,unsat,2.0781859060000016,0.0039975129999998416
10,20413,unsat,2.076300078000001,0.004216258999999667
10,20413,unsat,2.040163433,0.0042265409999995285
10,20413,unsat,2.067366087,0.004151424999999875
11,22422,unsat,2.274114099000002,0.004374235000000226
11,22422,unsat,2.2740274919999983,0.0038630640000008043
11,22422,unsat,2.268152500000001,0.004325279999999765
11,22422,unsat,2.288086515999998,0.004451917000000805
12,24431,unsat,2.460262341,0.0041148339999992345
12,24431,unsat,2.4924331230000014,0.004354479999999938
12,24431,unsat,2.4722124129999976,0.004274562999999176
12,24431,unsat,2.5070042230000027,0.004587801999999641
13,26440,unsat,2.6811702000000004,0.004278816999999435
13,26440,unsat,2.6927096420000005,0.00460613799999976
13,26440,unsat,2.6696201520000002,0.004117104000002314
13,26440,unsat,2.708358069999999,0.004282949000000258
14,28449,unsat,2.8743282380000004,0.004489233000001036
14,28449,unsat,2.897547332000002,0.004053078000001875
14,28449,unsat,2.868753223999999,0.0042594059999991885
14,28449,unsat,2.877950331000001,0.004519452000000257
15,30458,unsat,3.089437366000002,0.004279808999999801
15,30458,unsat,3.0615052300000016,0.004307801999999583
15,30458,unsat,3.0857628209999994,0.004458363000001242
15,30458,unsat,3.076104837999999,0.004285585999998176
16,32467,unsat,3.2949725740000027,0.004351010000000599
16,32467,unsat,3.3158500790000005,0.004807214999999587
16,32467,unsat,3.2888038419999965,0.004480313000001956
16,32467,unsat,3.2877322410000005,0.004246090000002312
17,34476,unsat,3.4601992919999986,0.00430880900000119
17,34476,unsat,3.477564676,0.0042943750000006276
17,34476,unsat,3.459086013000004,0.004506015999993451
17,34476,unsat,3.4425051499999952,0.0038995649999975512
18,36485,unsat,3.623321492999999,0.004007064999996146
18,36485,unsat,3.659221628999994,0.004094376000004729
18,36485,unsat,3.6601113919999975,0.0048432709999985946
18,36485,unsat,3.743287371000001,0.00393978800000383
19,38494,unsat,3.9373135049999988,0.004088139000003821
19,38494,unsat,3.929512043999999,0.0039624939999995945
19,38494,unsat,3.9675931849999984,0.01128105500000487
19,38494,unsat,3.9757958369999997,0.003933175999996763
20,40503,unsat,4.136485178000001,0.004288143000003686
20,40503,unsat,4.122139779000001,0.0038850900000042543
20,40503,unsat,4.115922167000001,0.004113484999997752
20,40503,unsat,4.126876582999998,0.004119361000000765
21,42512,unsat,4.293615119999998,0.004115249000001597
21,42512,unsat,4.334201413000002,0.004567152999996438
21,42512,unsat,4.328328366000001,0.0038910009999995054
21,42512,unsat,4.3339024309999985,0.004087446000006878
22,44521,unsat,4.504103111999996,0.00400678299999413
22,44521,unsat,4.540202039999997,0.003885071999988554
22,44521,unsat,4.50899279299999,0.0038175119999976914
22,44521,unsat,4.523388976,0.004502653000002965
23,46530,unsat,4.726149808000002,0.004009882000005405
23,46530,unsat,4.729613975999996,0.0039422760000036305
23,46530,unsat,4.701707767000002,0.0038845929999951068
23,46530,unsat,4.699443330000008,0.004007424999997511
24,48539,unsat,4.875128122000007,0.004238790000002268
24,48539,unsat,4.911824472999996,0.0038984690000063438
24,48539,unsat,4.910196492000011,0.004091539999990346
24,48539,unsat,4.924897372000004,0.004188479000006851
25,50548,unsat,5.097152030999993,0.004034515000000738
25,50548,unsat,5.074131942000008,0.0037020930000011276
25,50548,unsat,5.173133741000001,0.0038834610000009206
25,50548,unsat,5.0967649290000026,0.004040080999999418
26,52557,unsat,5.248044879000005,0.0038450540000098954
26,52557,unsat,5.250247381000008,0.003904785999992555
26,52557,unsat,5.315237814,0.0037484270000049946
26,52557,unsat,5.315395219999999,0.004154381999995849
27,54566,unsat,5.500256816999993,0.004041930999989063
27,54566,unsat,5.499812053999989,0.003816127000007441
27,54566,unsat,5.52434985699999,0.0038057939999873724
27,54566,unsat,5.5473676160000025,0.003933508999992341
28,56575,unsat,5.714979088999996,0.003838103000006754
28,56575,unsat,5.764651577000009,0.004179198000002771
28,56575,unsat,5.721048105999998,0.0035453999999930375
28,56575,unsat,5.634067926,0.003550218000000882
29,58584,unsat,5.81080797700001,0.003517684000001964
29,58584,unsat,5.792101897000009,0.003534462999994048
29,58584,unsat,5.804763773999994,0.0035167529999995395
29,58584,unsat,5.88726502099999,0.00415829799999301
30,60593,unsat,6.083111085000013,0.003464983000000643
30,60593,unsat,6.004692848000005,0.003449835999987272
30,60593,unsat,6.026614217000002,0.003472434999991947
30,60593,unsat,6.0137203839999955,0.003512316000012561
31,62602,unsat,6.176936361999992,0.0034896429999946577
31,62602,unsat,6.153637844000002,0.003429201999992415
31,62602,unsat,6.136061744000017,0.0033524730000067393
31,62602,unsat,6.258892152000001,0.003439628999984734
32,64611,unsat,6.597717957000015,0.0033807810000041627
32,64611,unsat,6.376750576999996,0.003347190999988925
32,64611,unsat,6.308607749000004,0.0033248819999869283
32,64611,unsat,6.518859246999995,0.0034469479999756913
33,66620,unsat,6.541553229000016,0.0033882810000136487
33,66620,unsat,6.594643520999995,0.003312307999976838
33,66620,unsat,6.743633873000022,0.003280725999985634
33,66620,unsat,6.535819040000007,0.0035475710000127947
34,68629,unsat,6.823410135999978,0.00349009999999339
34,68629,unsat,6.6967636199999845,0.003395038000007844
34,68629,unsat,6.863639353999986,0.003286919000004218
34,68629,unsat,6.801717158999992,0.0034285920000058923
35,70638,unsat,7.01896205700001,0.0034052299999984825
35,70638,unsat,7.039788308999988,0.0033370479999916824
35,70638,unsat,6.8823751019999975,0.003283528999986629
35,70638,unsat,6.987323852000003,0.0034140270000193595
36,72647,unsat,7.295582891999999,0.0034667630000058125
36,72647,unsat,7.033678633000022,0.0032769569999970827
36,72647,unsat,7.144659453000003,0.0033467139999743267
36,72647,unsat,7.1506556209999985,0.0034519550000027266
37,74656,unsat,7.246543902000013,0.0033859620000100676
37,74656,unsat,7.39207545299999,0.0034683650000033595
37,74656,unsat,7.349113383999992,0.003272127000002456
37,74656,unsat,7.30421950600001,0.0034956109999768614
38,76665,unsat,7.5481452120000085,0.003380454000023292
38,76665,unsat,7.49519397200001,0.0032897720000164554
38,76665,unsat,7.659945081000018,0.00342348200001652
38,76665,unsat,7.683988864999975,0.0036624109999934262
39,78674,unsat,7.736391599000001,0.0033526809999955276
39,78674,unsat,7.9796694429999775,0.003323192000010522
39,78674,unsat,7.722468195999994,0.0032969439999988026
39,78674,unsat,7.749494714000008,0.003414592000012817
40,80683,unsat,7.877082677000004,0.0033868740000002617
40,80683,unsat,8.072389290000018,0.003422177000004467
40,80683,unsat,7.856740790999993,0.003315739000015583
40,80683,unsat,7.93940545800001,0.0035118309999973008
41,82692,unsat,8.173277589000008,0.003317069999980049
41,82692,unsat,8.085372450999984,0.003382557000009001
41,82692,unsat,8.080514571000009,0.0032801060000053894
41,82692,unsat,8.160020355,0.0034584290000054807
42,84701,unsat,8.457329294000004,0.0033258990000035737
42,84701,unsat,8.208276990000002,0.003407336000009309
42,84701,unsat,8.220611270000006,0.0032717600000182756
42,84701,unsat,8.390506923000004,0.007245582999985345
43,86710,unsat,8.467669876000002,0.0034569139999973686
43,86710,unsat,8.498160429000023,0.0036688139999796476
43,86710,unsat,8.522441745999998,0.004233884000001353
43,86710,unsat,8.779305606000008,0.003516850000011118
44,88719,unsat,8.767455737999995,0.003430713000000196
44,88719,unsat,8.690823746000007,0.003374087999986841
44,88719,unsat,8.984352696999991,0.007230351999993445
44,88719,unsat,8.724391864000012,0.0035292990000073132
45,90728,unsat,8.778845536000034,0.0033553879999885794
45,90728,unsat,8.907658943000001,0.003436584999974457
45,90728,unsat,9.013766710999988,0.003275094999992234
45,90728,unsat,8.990372858,0.0034323020000215365
46,92737,unsat,9.151976390000016,0.0049412440000082825
46,92737,unsat,9.108202590000019,0.003320882000025449
46,92737,unsat,9.246760004999999,0.0034911740000325153
46,92737,unsat,9.106914350000011,0.0043671170000152415
47,94746,unsat,9.66925745399999,0.0034267519999957585
47,94746,unsat,9.175919921000002,0.0033865679999962595
47,94746,unsat,9.26259401699997,0.003431564000038634
47,94746,unsat,9.343513973999961,0.003447391999998217
48,96755,unsat,9.521143805000008,0.0034359670000299047
48,96755,unsat,9.438020065999979,0.003340596999976242
48,96755,unsat,9.502273466999952,0.0034323080000149275
48,96755,unsat,9.473862225999994,0.0034962610000093264
49,98764,unsat,9.779259080000031,0.0034196409999935895
49,98764,unsat,9.80117433199996,0.003403692000006231
49,98764,unsat,9.89116737400002,0.008543856000017058
49,98764,unsat,9.689560964999998,0.003414156999951956
50,100773,unsat,9.754014149,0.0036392419999629055
50,100773,unsat,9.788924146,0.003367723999986083
50,100773,unsat,9.920415668999965,0.003426432999958706
50,100773,unsat,9.995575900000006,0.003417332000026363
