k,ModelConstraintSize,Result,Generation,Solving
1,705,sat,0.10813150000012683,0.005767850000211183
2,1222,sat,0.13684526199995162,0.007825164999758272
3,1739,sat,0.19317073599995638,0.01042217400026857
4,2256,sat,0.24654486400004316,0.0129139379996559
5,2773,sat,0.30135457399956067,0.014391595000233792
6,3290,sat,0.3554206969997722,0.014775543000268954
7,3807,sat,0.40931759500017506,0.01612138899963611
8,4324,sat,0.4630521349999981,0.017229241999757505
9,4841,sat,0.5163405759999478,0.01822044000027745
10,5358,sat,0.5710802009998588,0.019287449999865203
11,5875,sat,0.6414953990001777,0.02082445199994254
12,6392,sat,0.6804867229998308,0.022413014999983716
13,6909,sat,0.7325850600000194,0.02205896000032226
14,7426,sat,0.7847693389999222,0.023386306000247714
15,7943,sat,0.8405827060000775,0.02479140000014013
16,8460,sat,0.8965071600000556,0.02651574699984849
17,8977,sat,0.9522104560001026,0.028732159999890428
18,9494,sat,1.050080970000181,0.03212370499977624
19,10011,sat,1.0695111660002112,0.041138390000014624
20,10528,sat,1.1372253949998594,0.05076674499969158
21,11045,sat,1.1688540129998728,0.04064009600006102
22,11562,sat,1.22886406500038,0.04388640700017277
23,12079,sat,1.286944473999938,0.04972574800012808
24,12596,sat,1.3612059340002816,0.06556510900009016
25,13113,sat,1.446405238999887,0.0897492730000522
26,13630,sat,1.4995410370001991,0.09897958700003073
27,14147,sat,1.6470004020002307,0.11145403899990924
28,14664,sat,1.5923361250002017,0.08858994699994582
29,15181,sat,1.6847439370003485,0.11491974199998367
30,15698,sat,1.7522227969998312,0.13674541000000318
31,16215,sat,1.7663781900000686,0.08970482199993057
32,16732,sat,1.8924216149998756,0.17673251099995468
33,17249,sat,1.9474961979999534,0.16149315900020156
34,17766,sat,2.018846010999823,0.17542967999997927
35,18283,sat,2.022721447999629,0.11476919699998689
36,18800,sat,2.047090550000121,0.12028607599995667
37,19317,sat,2.2751149069999883,0.2250551130000531
38,19834,sat,2.3370587549998163,0.22079529000029652
39,20351,sat,2.3543489020003108,0.1906847279997237
40,20868,sat,2.295123341999897,0.13298234800004138
41,21385,sat,2.469600753999657,0.265980319999926
42,21902,sat,2.549201011999685,0.2606222719996367
43,22419,sat,2.5348922520001906,0.23657353099997636
44,22936,sat,2.5587187099999937,0.20771556700037763
45,23453,sat,2.7067834750000657,0.28873168300015095
46,23970,sat,2.7696123000000625,0.28825059600012537
47,24487,sat,2.880841417999818,0.27402945199992246
48,25004,sat,2.8478204170000936,0.2065603729997747
49,25521,sat,2.9822498130001804,0.35582055099985155
50,26038,sat,3.039738130999922,0.39912087499988047
51,26555,sat,3.113985010000306,0.35536414399985006
52,27072,sat,3.3471936149999237,0.5076702430001205
53,27589,sat,3.148324994000177,0.22807725400025447
54,28106,sat,3.177106088000073,0.29183451700009755
55,28623,sat,3.460299395999755,0.479601392999939
56,29140,sat,3.5350062890001936,0.4623119540001426
57,29657,sat,3.418631360999825,0.2991308860000572
58,30174,sat,3.555783338999845,0.468999413000347
59,30691,sat,3.6721250640002836,0.4778358329999719
60,31208,sat,3.7373301689999607,0.48614736799981983
61,31725,sat,3.785912590999942,0.4696399639997253
62,32242,sat,3.7295001830002548,0.3602990330000466
63,32759,sat,3.7758891260000382,0.3435322990003442
64,33276,sat,3.804766270000073,0.39215509500036205
65,33793,sat,4.183187642000121,0.6801494850001291
66,34310,sat,4.200426676999996,0.6743878239999503
67,34827,sat,4.030138117000206,0.3221742499999891
68,35344,sat,3.9637064170001395,0.34685757099987313
69,35861,sat,4.3704674770001475,0.6724611269996785
70,36378,sat,4.264271489999828,0.5806584530000691
71,36895,sat,4.218810795000081,0.3405853009999191
72,37412,sat,4.598270900999978,0.7711288280002009
73,37929,sat,4.7715703349999785,0.8926410819999546
74,38446,sat,4.9915106160001415,1.047637892000239
75,38963,sat,4.891367223000088,0.907477686999755
76,39480,sat,5.163338086000294,1.1700491169999623
77,39997,sat,5.202959123000255,1.066543735000323
78,40514,sat,5.2338587590002135,1.073456859000089
79,41031,sat,5.368685582000126,1.021406006000234
80,41548,sat,5.500943054000345,1.1533607960000154
81,42065,sat,5.478233201999956,1.1582886930000313
82,42582,sat,5.493454267000288,1.1169460040000558
83,43099,sat,5.091023350999876,0.6171778430002632
84,43616,sat,5.390575253999941,0.9212569579999581
85,44133,sat,5.39057138499993,0.8741933259998405
86,44650,sat,5.582626154000081,1.0034925539998767
87,45167,sat,5.572189055999843,0.9484999240003162
88,45684,sat,5.769895633000033,1.062679229999958
89,46201,sat,5.725721856999826,0.9812474200002725
90,46718,sat,5.690114878000259,0.6845925210000132
91,47235,sat,6.233043088000159,1.2263126660000125
92,47752,sat,5.853494814999976,0.9377501100002519
93,48269,sat,6.03545042199994,1.0503752750000785
94,48786,sat,6.200152654000249,1.03362357900005
95,49303,sat,6.1951443899997685,1.110146714000166
96,49820,sat,6.263301683999998,1.0141963640003269
97,50337,sat,6.323649370000112,1.0697166400000242
98,50854,sat,6.319862381999883,1.0532450419996167
99,51371,sat,6.167214093999974,0.8159052259998134
100,51888,sat,6.549887800999841,1.1642197549999764
